generation 25000
####### 0 #######
player2's turn
0  0  0  0  0  0  0  
0  0  0  0  0  0  0  
0  0  0  0  0  0  0  
0  0  0  0  0  0  0  
0  0  0  0  0  0  0  
0  0  0  0  0  0  0  
-------------------
0  1  2  3  4  5  6  
player1's turn
0  0  0  0  0  0  0  
0  0  0  0  0  0  0  
0  0  0  0  0  0  0  
0  0  0  0  0  0  0  
0  0  0  0  0  0  0  
0  0  0  0  2  0  0  
-------------------
0  1  2  3  4  5  6  
player2's turn
0  0  0  0  0  0  0  
0  0  0  0  0  0  0  
0  0  0  0  0  0  0  
0  0  0  0  0  0  0  
0  0  0  0  1  0  0  
0  0  0  0  2  0  0  
-------------------
0  1  2  3  4  5  6  
player1's turn
0  0  0  0  0  0  0  
0  0  0  0  0  0  0  
0  0  0  0  0  0  0  
0  0  0  0  2  0  0  
0  0  0  0  1  0  0  
0  0  0  0  2  0  0  
-------------------
0  1  2  3  4  5  6  
player2's turn
0  0  0  0  0  0  0  
0  0  0  0  0  0  0  
0  0  0  0  1  0  0  
0  0  0  0  2  0  0  
0  0  0  0  1  0  0  
0  0  0  0  2  0  0  
-------------------
0  1  2  3  4  5  6  
player1's turn
0  0  0  0  0  0  0  
0  0  0  0  2  0  0  
0  0  0  0  1  0  0  
0  0  0  0  2  0  0  
0  0  0  0  1  0  0  
0  0  0  0  2  0  0  
-------------------
0  1  2  3  4  5  6  
player2's turn
0  0  0  0  1  0  0  
0  0  0  0  2  0  0  
0  0  0  0  1  0  0  
0  0  0  0  2  0  0  
0  0  0  0  1  0  0  
0  0  0  0  2  0  0  
-------------------
0  1  2  3  4  5  6  
player1 wins
####### 1 #######
player1's turn
0  0  0  0  0  0  0  
0  0  0  0  0  0  0  
0  0  0  0  0  0  0  
0  0  0  0  0  0  0  
0  0  0  0  0  0  0  
0  0  0  0  0  0  0  
-------------------
0  1  2  3  4  5  6  
player2's turn
0  0  0  0  0  0  0  
0  0  0  0  0  0  0  
0  0  0  0  0  0  0  
0  0  0  0  0  0  0  
0  0  0  0  0  0  0  
0  0  0  0  0  1  0  
-------------------
0  1  2  3  4  5  6  
player1's turn
0  0  0  0  0  0  0  
0  0  0  0  0  0  0  
0  0  0  0  0  0  0  
0  0  0  0  0  0  0  
0  0  0  0  0  0  0  
0  2  0  0  0  1  0  
-------------------
0  1  2  3  4  5  6  
player2's turn
0  0  0  0  0  0  0  
0  0  0  0  0  0  0  
0  0  0  0  0  0  0  
0  0  0  0  0  0  0  
0  0  0  0  0  1  0  
0  2  0  0  0  1  0  
-------------------
0  1  2  3  4  5  6  
player1's turn
0  0  0  0  0  0  0  
0  0  0  0  0  0  0  
0  0  0  0  0  0  0  
0  0  0  0  0  0  0  
0  2  0  0  0  1  0  
0  2  0  0  0  1  0  
-------------------
0  1  2  3  4  5  6  
player2's turn
0  0  0  0  0  0  0  
0  0  0  0  0  0  0  
0  0  0  0  0  0  0  
0  0  0  0  0  1  0  
0  2  0  0  0  1  0  
0  2  0  0  0  1  0  
-------------------
0  1  2  3  4  5  6  
player1's turn
0  0  0  0  0  0  0  
0  0  0  0  0  0  0  
0  0  0  0  0  0  0  
0  2  0  0  0  1  0  
0  2  0  0  0  1  0  
0  2  0  0  0  1  0  
-------------------
0  1  2  3  4  5  6  
player1's turn
0  0  0  0  0  0  0  
0  0  0  0  0  0  0  
0  0  0  0  0  1  0  
0  2  0  0  0  1  0  
0  2  0  0  0  1  0  
0  2  0  0  0  1  0  
-------------------
0  1  2  3  4  5  6  
player1 wins
####### 2 #######
player1's turn
0  0  0  0  0  0  0  
0  0  0  0  0  0  0  
0  0  0  0  0  0  0  
0  0  0  0  0  0  0  
0  0  0  0  0  0  0  
0  0  0  0  0  0  0  
-------------------
0  1  2  3  4  5  6  
player2's turn
0  0  0  0  0  0  0  
0  0  0  0  0  0  0  
0  0  0  0  0  0  0  
0  0  0  0  0  0  0  
0  0  0  0  0  0  0  
0  1  0  0  0  0  0  
-------------------
0  1  2  3  4  5  6  
player1's turn
0  0  0  0  0  0  0  
0  0  0  0  0  0  0  
0  0  0  0  0  0  0  
0  0  0  0  0  0  0  
0  2  0  0  0  0  0  
0  1  0  0  0  0  0  
-------------------
0  1  2  3  4  5  6  
player2's turn
0  0  0  0  0  0  0  
0  0  0  0  0  0  0  
0  0  0  0  0  0  0  
0  1  0  0  0  0  0  
0  2  0  0  0  0  0  
0  1  0  0  0  0  0  
-------------------
0  1  2  3  4  5  6  
player1's turn
0  0  0  0  0  0  0  
0  0  0  0  0  0  0  
0  2  0  0  0  0  0  
0  1  0  0  0  0  0  
0  2  0  0  0  0  0  
0  1  0  0  0  0  0  
-------------------
0  1  2  3  4  5  6  
player2's turn
0  0  0  0  0  0  0  
0  1  0  0  0  0  0  
0  2  0  0  0  0  0  
0  1  0  0  0  0  0  
0  2  0  0  0  0  0  
0  1  0  0  0  0  0  
-------------------
0  1  2  3  4  5  6  
player1's turn
0  2  0  0  0  0  0  
0  1  0  0  0  0  0  
0  2  0  0  0  0  0  
0  1  0  0  0  0  0  
0  2  0  0  0  0  0  
0  1  0  0  0  0  0  
-------------------
0  1  2  3  4  5  6  
player2 wins
####### 3 #######
player1's turn
0  0  0  0  0  0  0  
0  0  0  0  0  0  0  
0  0  0  0  0  0  0  
0  0  0  0  0  0  0  
0  0  0  0  0  0  0  
0  0  0  0  0  0  0  
-------------------
0  1  2  3  4  5  6  
player2's turn
0  0  0  0  0  0  0  
0  0  0  0  0  0  0  
0  0  0  0  0  0  0  
0  0  0  0  0  0  0  
0  0  0  0  0  0  0  
0  0  1  0  0  0  0  
-------------------
0  1  2  3  4  5  6  
player1's turn
0  0  0  0  0  0  0  
0  0  0  0  0  0  0  
0  0  0  0  0  0  0  
0  0  0  0  0  0  0  
0  0  0  0  0  0  0  
0  0  1  0  0  0  2  
-------------------
0  1  2  3  4  5  6  
player2's turn
0  0  0  0  0  0  0  
0  0  0  0  0  0  0  
0  0  0  0  0  0  0  
0  0  0  0  0  0  0  
0  0  1  0  0  0  0  
0  0  1  0  0  0  2  
-------------------
0  1  2  3  4  5  6  
player1's turn
0  0  0  0  0  0  0  
0  0  0  0  0  0  0  
0  0  0  0  0  0  0  
0  0  0  0  0  0  0  
0  0  1  0  0  0  2  
0  0  1  0  0  0  2  
-------------------
0  1  2  3  4  5  6  
player2's turn
0  0  0  0  0  0  0  
0  0  0  0  0  0  0  
0  0  0  0  0  0  0  
0  0  1  0  0  0  0  
0  0  1  0  0  0  2  
0  0  1  0  0  0  2  
-------------------
0  1  2  3  4  5  6  
player1's turn
0  0  0  0  0  0  0  
0  0  0  0  0  0  0  
0  0  0  0  0  0  0  
0  0  1  0  0  0  2  
0  0  1  0  0  0  2  
0  0  1  0  0  0  2  
-------------------
0  1  2  3  4  5  6  
player1's turn
0  0  0  0  0  0  0  
0  0  0  0  0  0  0  
0  0  1  0  0  0  0  
0  0  1  0  0  0  2  
0  0  1  0  0  0  2  
0  0  1  0  0  0  2  
-------------------
0  1  2  3  4  5  6  
player1 wins
####### 4 #######
player2's turn
0  0  0  0  0  0  0  
0  0  0  0  0  0  0  
0  0  0  0  0  0  0  
0  0  0  0  0  0  0  
0  0  0  0  0  0  0  
0  0  0  0  0  0  0  
-------------------
0  1  2  3  4  5  6  
player1's turn
0  0  0  0  0  0  0  
0  0  0  0  0  0  0  
0  0  0  0  0  0  0  
0  0  0  0  0  0  0  
0  0  0  0  0  0  0  
0  0  0  0  0  2  0  
-------------------
0  1  2  3  4  5  6  
player2's turn
0  0  0  0  0  0  0  
0  0  0  0  0  0  0  
0  0  0  0  0  0  0  
0  0  0  0  0  0  0  
0  0  0  0  0  0  0  
0  1  0  0  0  2  0  
-------------------
0  1  2  3  4  5  6  
player1's turn
0  0  0  0  0  0  0  
0  0  0  0  0  0  0  
0  0  0  0  0  0  0  
0  0  0  0  0  0  0  
0  0  0  0  0  2  0  
0  1  0  0  0  2  0  
-------------------
0  1  2  3  4  5  6  
player2's turn
0  0  0  0  0  0  0  
0  0  0  0  0  0  0  
0  0  0  0  0  0  0  
0  0  0  0  0  0  0  
0  1  0  0  0  2  0  
0  1  0  0  0  2  0  
-------------------
0  1  2  3  4  5  6  
player1's turn
0  0  0  0  0  0  0  
0  0  0  0  0  0  0  
0  0  0  0  0  0  0  
0  0  0  0  0  2  0  
0  1  0  0  0  2  0  
0  1  0  0  0  2  0  
-------------------
0  1  2  3  4  5  6  
player2's turn
0  0  0  0  0  0  0  
0  0  0  0  0  0  0  
0  0  0  0  0  0  0  
0  1  0  0  0  2  0  
0  1  0  0  0  2  0  
0  1  0  0  0  2  0  
-------------------
0  1  2  3  4  5  6  
player2's turn
0  0  0  0  0  0  0  
0  0  0  0  0  0  0  
0  0  0  0  0  2  0  
0  1  0  0  0  2  0  
0  1  0  0  0  2  0  
0  1  0  0  0  2  0  
-------------------
0  1  2  3  4  5  6  
player2 wins
####### 5 #######
player1's turn
0  0  0  0  0  0  0  
0  0  0  0  0  0  0  
0  0  0  0  0  0  0  
0  0  0  0  0  0  0  
0  0  0  0  0  0  0  
0  0  0  0  0  0  0  
-------------------
0  1  2  3  4  5  6  
player2's turn
0  0  0  0  0  0  0  
0  0  0  0  0  0  0  
0  0  0  0  0  0  0  
0  0  0  0  0  0  0  
0  0  0  0  0  0  0  
1  0  0  0  0  0  0  
-------------------
0  1  2  3  4  5  6  
player1's turn
0  0  0  0  0  0  0  
0  0  0  0  0  0  0  
0  0  0  0  0  0  0  
0  0  0  0  0  0  0  
0  0  0  0  0  0  0  
1  2  0  0  0  0  0  
-------------------
0  1  2  3  4  5  6  
player2's turn
0  0  0  0  0  0  0  
0  0  0  0  0  0  0  
0  0  0  0  0  0  0  
0  0  0  0  0  0  0  
1  0  0  0  0  0  0  
1  2  0  0  0  0  0  
-------------------
0  1  2  3  4  5  6  
player1's turn
0  0  0  0  0  0  0  
0  0  0  0  0  0  0  
0  0  0  0  0  0  0  
0  0  0  0  0  0  0  
1  2  0  0  0  0  0  
1  2  0  0  0  0  0  
-------------------
0  1  2  3  4  5  6  
player2's turn
0  0  0  0  0  0  0  
0  0  0  0  0  0  0  
0  0  0  0  0  0  0  
1  0  0  0  0  0  0  
1  2  0  0  0  0  0  
1  2  0  0  0  0  0  
-------------------
0  1  2  3  4  5  6  
player1's turn
0  0  0  0  0  0  0  
0  0  0  0  0  0  0  
0  0  0  0  0  0  0  
1  2  0  0  0  0  0  
1  2  0  0  0  0  0  
1  2  0  0  0  0  0  
-------------------
0  1  2  3  4  5  6  
player1's turn
0  0  0  0  0  0  0  
0  0  0  0  0  0  0  
1  0  0  0  0  0  0  
1  2  0  0  0  0  0  
1  2  0  0  0  0  0  
1  2  0  0  0  0  0  
-------------------
0  1  2  3  4  5  6  
player1 wins
####### 6 #######
player2's turn
0  0  0  0  0  0  0  
0  0  0  0  0  0  0  
0  0  0  0  0  0  0  
0  0  0  0  0  0  0  
0  0  0  0  0  0  0  
0  0  0  0  0  0  0  
-------------------
0  1  2  3  4  5  6  
player1's turn
0  0  0  0  0  0  0  
0  0  0  0  0  0  0  
0  0  0  0  0  0  0  
0  0  0  0  0  0  0  
0  0  0  0  0  0  0  
0  0  0  0  0  2  0  
-------------------
0  1  2  3  4  5  6  
player2's turn
0  0  0  0  0  0  0  
0  0  0  0  0  0  0  
0  0  0  0  0  0  0  
0  0  0  0  0  0  0  
0  0  0  0  0  0  0  
0  0  0  0  0  2  1  
-------------------
0  1  2  3  4  5  6  
player1's turn
0  0  0  0  0  0  0  
0  0  0  0  0  0  0  
0  0  0  0  0  0  0  
0  0  0  0  0  0  0  
0  0  0  0  0  2  0  
0  0  0  0  0  2  1  
-------------------
0  1  2  3  4  5  6  
player2's turn
0  0  0  0  0  0  0  
0  0  0  0  0  0  0  
0  0  0  0  0  0  0  
0  0  0  0  0  0  0  
0  0  0  0  0  2  1  
0  0  0  0  0  2  1  
-------------------
0  1  2  3  4  5  6  
player1's turn
0  0  0  0  0  0  0  
0  0  0  0  0  0  0  
0  0  0  0  0  0  0  
0  0  0  0  0  2  0  
0  0  0  0  0  2  1  
0  0  0  0  0  2  1  
-------------------
0  1  2  3  4  5  6  
player2's turn
0  0  0  0  0  0  0  
0  0  0  0  0  0  0  
0  0  0  0  0  0  0  
0  0  0  0  0  2  1  
0  0  0  0  0  2  1  
0  0  0  0  0  2  1  
-------------------
0  1  2  3  4  5  6  
player2's turn
0  0  0  0  0  0  0  
0  0  0  0  0  0  0  
0  0  0  0  0  2  0  
0  0  0  0  0  2  1  
0  0  0  0  0  2  1  
0  0  0  0  0  2  1  
-------------------
0  1  2  3  4  5  6  
player2 wins
####### 7 #######
player1's turn
0  0  0  0  0  0  0  
0  0  0  0  0  0  0  
0  0  0  0  0  0  0  
0  0  0  0  0  0  0  
0  0  0  0  0  0  0  
0  0  0  0  0  0  0  
-------------------
0  1  2  3  4  5  6  
player2's turn
0  0  0  0  0  0  0  
0  0  0  0  0  0  0  
0  0  0  0  0  0  0  
0  0  0  0  0  0  0  
0  0  0  0  0  0  0  
0  0  0  0  0  1  0  
-------------------
0  1  2  3  4  5  6  
player1's turn
0  0  0  0  0  0  0  
0  0  0  0  0  0  0  
0  0  0  0  0  0  0  
0  0  0  0  0  0  0  
0  0  0  0  0  0  0  
0  0  0  0  2  1  0  
-------------------
0  1  2  3  4  5  6  
player2's turn
0  0  0  0  0  0  0  
0  0  0  0  0  0  0  
0  0  0  0  0  0  0  
0  0  0  0  0  0  0  
0  0  0  0  0  1  0  
0  0  0  0  2  1  0  
-------------------
0  1  2  3  4  5  6  
player1's turn
0  0  0  0  0  0  0  
0  0  0  0  0  0  0  
0  0  0  0  0  0  0  
0  0  0  0  0  0  0  
0  0  0  0  2  1  0  
0  0  0  0  2  1  0  
-------------------
0  1  2  3  4  5  6  
player2's turn
0  0  0  0  0  0  0  
0  0  0  0  0  0  0  
0  0  0  0  0  0  0  
0  0  0  0  0  1  0  
0  0  0  0  2  1  0  
0  0  0  0  2  1  0  
-------------------
0  1  2  3  4  5  6  
player1's turn
0  0  0  0  0  0  0  
0  0  0  0  0  0  0  
0  0  0  0  0  0  0  
0  0  0  0  2  1  0  
0  0  0  0  2  1  0  
0  0  0  0  2  1  0  
-------------------
0  1  2  3  4  5  6  
player1's turn
0  0  0  0  0  0  0  
0  0  0  0  0  0  0  
0  0  0  0  0  1  0  
0  0  0  0  2  1  0  
0  0  0  0  2  1  0  
0  0  0  0  2  1  0  
-------------------
0  1  2  3  4  5  6  
player1 wins
####### 8 #######
player2's turn
0  0  0  0  0  0  0  
0  0  0  0  0  0  0  
0  0  0  0  0  0  0  
0  0  0  0  0  0  0  
0  0  0  0  0  0  0  
0  0  0  0  0  0  0  
-------------------
0  1  2  3  4  5  6  
player1's turn
0  0  0  0  0  0  0  
0  0  0  0  0  0  0  
0  0  0  0  0  0  0  
0  0  0  0  0  0  0  
0  0  0  0  0  0  0  
0  0  0  0  0  2  0  
-------------------
0  1  2  3  4  5  6  
player2's turn
0  0  0  0  0  0  0  
0  0  0  0  0  0  0  
0  0  0  0  0  0  0  
0  0  0  0  0  0  0  
0  0  0  0  0  1  0  
0  0  0  0  0  2  0  
-------------------
0  1  2  3  4  5  6  
player1's turn
0  0  0  0  0  0  0  
0  0  0  0  0  0  0  
0  0  0  0  0  0  0  
0  0  0  0  0  2  0  
0  0  0  0  0  1  0  
0  0  0  0  0  2  0  
-------------------
0  1  2  3  4  5  6  
player2's turn
0  0  0  0  0  0  0  
0  0  0  0  0  0  0  
0  0  0  0  0  1  0  
0  0  0  0  0  2  0  
0  0  0  0  0  1  0  
0  0  0  0  0  2  0  
-------------------
0  1  2  3  4  5  6  
player1's turn
0  0  0  0  0  0  0  
0  0  0  0  0  2  0  
0  0  0  0  0  1  0  
0  0  0  0  0  2  0  
0  0  0  0  0  1  0  
0  0  0  0  0  2  0  
-------------------
0  1  2  3  4  5  6  
player2's turn
0  0  0  0  0  1  0  
0  0  0  0  0  2  0  
0  0  0  0  0  1  0  
0  0  0  0  0  2  0  
0  0  0  0  0  1  0  
0  0  0  0  0  2  0  
-------------------
0  1  2  3  4  5  6  
player1 wins
####### 9 #######
player2's turn
0  0  0  0  0  0  0  
0  0  0  0  0  0  0  
0  0  0  0  0  0  0  
0  0  0  0  0  0  0  
0  0  0  0  0  0  0  
0  0  0  0  0  0  0  
-------------------
0  1  2  3  4  5  6  
player1's turn
0  0  0  0  0  0  0  
0  0  0  0  0  0  0  
0  0  0  0  0  0  0  
0  0  0  0  0  0  0  
0  0  0  0  0  0  0  
0  0  0  0  2  0  0  
-------------------
0  1  2  3  4  5  6  
player2's turn
0  0  0  0  0  0  0  
0  0  0  0  0  0  0  
0  0  0  0  0  0  0  
0  0  0  0  0  0  0  
0  0  0  0  0  0  0  
0  0  1  0  2  0  0  
-------------------
0  1  2  3  4  5  6  
player1's turn
0  0  0  0  0  0  0  
0  0  0  0  0  0  0  
0  0  0  0  0  0  0  
0  0  0  0  0  0  0  
0  0  0  0  2  0  0  
0  0  1  0  2  0  0  
-------------------
0  1  2  3  4  5  6  
player2's turn
0  0  0  0  0  0  0  
0  0  0  0  0  0  0  
0  0  0  0  0  0  0  
0  0  0  0  0  0  0  
0  0  1  0  2  0  0  
0  0  1  0  2  0  0  
-------------------
0  1  2  3  4  5  6  
player1's turn
0  0  0  0  0  0  0  
0  0  0  0  0  0  0  
0  0  0  0  0  0  0  
0  0  0  0  2  0  0  
0  0  1  0  2  0  0  
0  0  1  0  2  0  0  
-------------------
0  1  2  3  4  5  6  
player2's turn
0  0  0  0  0  0  0  
0  0  0  0  0  0  0  
0  0  0  0  0  0  0  
0  0  1  0  2  0  0  
0  0  1  0  2  0  0  
0  0  1  0  2  0  0  
-------------------
0  1  2  3  4  5  6  
player2's turn
0  0  0  0  0  0  0  
0  0  0  0  0  0  0  
0  0  0  0  2  0  0  
0  0  1  0  2  0  0  
0  0  1  0  2  0  0  
0  0  1  0  2  0  0  
-------------------
0  1  2  3  4  5  6  
player2 wins
####### 10 #######
player1's turn
0  0  0  0  0  0  0  
0  0  0  0  0  0  0  
0  0  0  0  0  0  0  
0  0  0  0  0  0  0  
0  0  0  0  0  0  0  
0  0  0  0  0  0  0  
-------------------
0  1  2  3  4  5  6  
player2's turn
0  0  0  0  0  0  0  
0  0  0  0  0  0  0  
0  0  0  0  0  0  0  
0  0  0  0  0  0  0  
0  0  0  0  0  0  0  
0  1  0  0  0  0  0  
-------------------
0  1  2  3  4  5  6  
player1's turn
0  0  0  0  0  0  0  
0  0  0  0  0  0  0  
0  0  0  0  0  0  0  
0  0  0  0  0  0  0  
0  0  0  0  0  0  0  
2  1  0  0  0  0  0  
-------------------
0  1  2  3  4  5  6  
player2's turn
0  0  0  0  0  0  0  
0  0  0  0  0  0  0  
0  0  0  0  0  0  0  
0  0  0  0  0  0  0  
0  1  0  0  0  0  0  
2  1  0  0  0  0  0  
-------------------
0  1  2  3  4  5  6  
player1's turn
0  0  0  0  0  0  0  
0  0  0  0  0  0  0  
0  0  0  0  0  0  0  
0  0  0  0  0  0  0  
2  1  0  0  0  0  0  
2  1  0  0  0  0  0  
-------------------
0  1  2  3  4  5  6  
player2's turn
0  0  0  0  0  0  0  
0  0  0  0  0  0  0  
0  0  0  0  0  0  0  
0  1  0  0  0  0  0  
2  1  0  0  0  0  0  
2  1  0  0  0  0  0  
-------------------
0  1  2  3  4  5  6  
player1's turn
0  0  0  0  0  0  0  
0  0  0  0  0  0  0  
0  0  0  0  0  0  0  
2  1  0  0  0  0  0  
2  1  0  0  0  0  0  
2  1  0  0  0  0  0  
-------------------
0  1  2  3  4  5  6  
player1's turn
0  0  0  0  0  0  0  
0  0  0  0  0  0  0  
0  1  0  0  0  0  0  
2  1  0  0  0  0  0  
2  1  0  0  0  0  0  
2  1  0  0  0  0  0  
-------------------
0  1  2  3  4  5  6  
player1 wins
####### 11 #######
player1's turn
0  0  0  0  0  0  0  
0  0  0  0  0  0  0  
0  0  0  0  0  0  0  
0  0  0  0  0  0  0  
0  0  0  0  0  0  0  
0  0  0  0  0  0  0  
-------------------
0  1  2  3  4  5  6  
player2's turn
0  0  0  0  0  0  0  
0  0  0  0  0  0  0  
0  0  0  0  0  0  0  
0  0  0  0  0  0  0  
0  0  0  0  0  0  0  
0  0  0  0  0  0  1  
-------------------
0  1  2  3  4  5  6  
player1's turn
0  0  0  0  0  0  0  
0  0  0  0  0  0  0  
0  0  0  0  0  0  0  
0  0  0  0  0  0  0  
0  0  0  0  0  0  2  
0  0  0  0  0  0  1  
-------------------
0  1  2  3  4  5  6  
player2's turn
0  0  0  0  0  0  0  
0  0  0  0  0  0  0  
0  0  0  0  0  0  0  
0  0  0  0  0  0  1  
0  0  0  0  0  0  2  
0  0  0  0  0  0  1  
-------------------
0  1  2  3  4  5  6  
player1's turn
0  0  0  0  0  0  0  
0  0  0  0  0  0  0  
0  0  0  0  0  0  2  
0  0  0  0  0  0  1  
0  0  0  0  0  0  2  
0  0  0  0  0  0  1  
-------------------
0  1  2  3  4  5  6  
player2's turn
0  0  0  0  0  0  0  
0  0  0  0  0  0  1  
0  0  0  0  0  0  2  
0  0  0  0  0  0  1  
0  0  0  0  0  0  2  
0  0  0  0  0  0  1  
-------------------
0  1  2  3  4  5  6  
player1's turn
0  0  0  0  0  0  2  
0  0  0  0  0  0  1  
0  0  0  0  0  0  2  
0  0  0  0  0  0  1  
0  0  0  0  0  0  2  
0  0  0  0  0  0  1  
-------------------
0  1  2  3  4  5  6  
player2 wins
####### 12 #######
player1's turn
0  0  0  0  0  0  0  
0  0  0  0  0  0  0  
0  0  0  0  0  0  0  
0  0  0  0  0  0  0  
0  0  0  0  0  0  0  
0  0  0  0  0  0  0  
-------------------
0  1  2  3  4  5  6  
player2's turn
0  0  0  0  0  0  0  
0  0  0  0  0  0  0  
0  0  0  0  0  0  0  
0  0  0  0  0  0  0  
0  0  0  0  0  0  0  
0  0  0  0  0  1  0  
-------------------
0  1  2  3  4  5  6  
player1's turn
0  0  0  0  0  0  0  
0  0  0  0  0  0  0  
0  0  0  0  0  0  0  
0  0  0  0  0  0  0  
0  0  0  0  0  0  0  
2  0  0  0  0  1  0  
-------------------
0  1  2  3  4  5  6  
player2's turn
0  0  0  0  0  0  0  
0  0  0  0  0  0  0  
0  0  0  0  0  0  0  
0  0  0  0  0  0  0  
0  0  0  0  0  1  0  
2  0  0  0  0  1  0  
-------------------
0  1  2  3  4  5  6  
player1's turn
0  0  0  0  0  0  0  
0  0  0  0  0  0  0  
0  0  0  0  0  0  0  
0  0  0  0  0  0  0  
2  0  0  0  0  1  0  
2  0  0  0  0  1  0  
-------------------
0  1  2  3  4  5  6  
player2's turn
0  0  0  0  0  0  0  
0  0  0  0  0  0  0  
0  0  0  0  0  0  0  
0  0  0  0  0  1  0  
2  0  0  0  0  1  0  
2  0  0  0  0  1  0  
-------------------
0  1  2  3  4  5  6  
player1's turn
0  0  0  0  0  0  0  
0  0  0  0  0  0  0  
0  0  0  0  0  0  0  
2  0  0  0  0  1  0  
2  0  0  0  0  1  0  
2  0  0  0  0  1  0  
-------------------
0  1  2  3  4  5  6  
player1's turn
0  0  0  0  0  0  0  
0  0  0  0  0  0  0  
0  0  0  0  0  1  0  
2  0  0  0  0  1  0  
2  0  0  0  0  1  0  
2  0  0  0  0  1  0  
-------------------
0  1  2  3  4  5  6  
player1 wins
####### 13 #######
player2's turn
0  0  0  0  0  0  0  
0  0  0  0  0  0  0  
0  0  0  0  0  0  0  
0  0  0  0  0  0  0  
0  0  0  0  0  0  0  
0  0  0  0  0  0  0  
-------------------
0  1  2  3  4  5  6  
player1's turn
0  0  0  0  0  0  0  
0  0  0  0  0  0  0  
0  0  0  0  0  0  0  
0  0  0  0  0  0  0  
0  0  0  0  0  0  0  
2  0  0  0  0  0  0  
-------------------
0  1  2  3  4  5  6  
player2's turn
0  0  0  0  0  0  0  
0  0  0  0  0  0  0  
0  0  0  0  0  0  0  
0  0  0  0  0  0  0  
0  0  0  0  0  0  0  
2  1  0  0  0  0  0  
-------------------
0  1  2  3  4  5  6  
player1's turn
0  0  0  0  0  0  0  
0  0  0  0  0  0  0  
0  0  0  0  0  0  0  
0  0  0  0  0  0  0  
2  0  0  0  0  0  0  
2  1  0  0  0  0  0  
-------------------
0  1  2  3  4  5  6  
player2's turn
0  0  0  0  0  0  0  
0  0  0  0  0  0  0  
0  0  0  0  0  0  0  
0  0  0  0  0  0  0  
2  1  0  0  0  0  0  
2  1  0  0  0  0  0  
-------------------
0  1  2  3  4  5  6  
player1's turn
0  0  0  0  0  0  0  
0  0  0  0  0  0  0  
0  0  0  0  0  0  0  
2  0  0  0  0  0  0  
2  1  0  0  0  0  0  
2  1  0  0  0  0  0  
-------------------
0  1  2  3  4  5  6  
player2's turn
0  0  0  0  0  0  0  
0  0  0  0  0  0  0  
0  0  0  0  0  0  0  
2  1  0  0  0  0  0  
2  1  0  0  0  0  0  
2  1  0  0  0  0  0  
-------------------
0  1  2  3  4  5  6  
player2's turn
0  0  0  0  0  0  0  
0  0  0  0  0  0  0  
2  0  0  0  0  0  0  
2  1  0  0  0  0  0  
2  1  0  0  0  0  0  
2  1  0  0  0  0  0  
-------------------
0  1  2  3  4  5  6  
player2 wins
####### 14 #######
player2's turn
0  0  0  0  0  0  0  
0  0  0  0  0  0  0  
0  0  0  0  0  0  0  
0  0  0  0  0  0  0  
0  0  0  0  0  0  0  
0  0  0  0  0  0  0  
-------------------
0  1  2  3  4  5  6  
player1's turn
0  0  0  0  0  0  0  
0  0  0  0  0  0  0  
0  0  0  0  0  0  0  
0  0  0  0  0  0  0  
0  0  0  0  0  0  0  
0  0  0  0  2  0  0  
-------------------
0  1  2  3  4  5  6  
player2's turn
0  0  0  0  0  0  0  
0  0  0  0  0  0  0  
0  0  0  0  0  0  0  
0  0  0  0  0  0  0  
0  0  0  0  1  0  0  
0  0  0  0  2  0  0  
-------------------
0  1  2  3  4  5  6  
player1's turn
0  0  0  0  0  0  0  
0  0  0  0  0  0  0  
0  0  0  0  0  0  0  
0  0  0  0  2  0  0  
0  0  0  0  1  0  0  
0  0  0  0  2  0  0  
-------------------
0  1  2  3  4  5  6  
player2's turn
0  0  0  0  0  0  0  
0  0  0  0  0  0  0  
0  0  0  0  1  0  0  
0  0  0  0  2  0  0  
0  0  0  0  1  0  0  
0  0  0  0  2  0  0  
-------------------
0  1  2  3  4  5  6  
player1's turn
0  0  0  0  0  0  0  
0  0  0  0  2  0  0  
0  0  0  0  1  0  0  
0  0  0  0  2  0  0  
0  0  0  0  1  0  0  
0  0  0  0  2  0  0  
-------------------
0  1  2  3  4  5  6  
player2's turn
0  0  0  0  1  0  0  
0  0  0  0  2  0  0  
0  0  0  0  1  0  0  
0  0  0  0  2  0  0  
0  0  0  0  1  0  0  
0  0  0  0  2  0  0  
-------------------
0  1  2  3  4  5  6  
player1 wins
####### 15 #######
player2's turn
0  0  0  0  0  0  0  
0  0  0  0  0  0  0  
0  0  0  0  0  0  0  
0  0  0  0  0  0  0  
0  0  0  0  0  0  0  
0  0  0  0  0  0  0  
-------------------
0  1  2  3  4  5  6  
player1's turn
0  0  0  0  0  0  0  
0  0  0  0  0  0  0  
0  0  0  0  0  0  0  
0  0  0  0  0  0  0  
0  0  0  0  0  0  0  
2  0  0  0  0  0  0  
-------------------
0  1  2  3  4  5  6  
player2's turn
0  0  0  0  0  0  0  
0  0  0  0  0  0  0  
0  0  0  0  0  0  0  
0  0  0  0  0  0  0  
0  0  0  0  0  0  0  
2  0  0  0  0  0  1  
-------------------
0  1  2  3  4  5  6  
player1's turn
0  0  0  0  0  0  0  
0  0  0  0  0  0  0  
0  0  0  0  0  0  0  
0  0  0  0  0  0  0  
2  0  0  0  0  0  0  
2  0  0  0  0  0  1  
-------------------
0  1  2  3  4  5  6  
player2's turn
0  0  0  0  0  0  0  
0  0  0  0  0  0  0  
0  0  0  0  0  0  0  
0  0  0  0  0  0  0  
2  0  0  0  0  0  1  
2  0  0  0  0  0  1  
-------------------
0  1  2  3  4  5  6  
player1's turn
0  0  0  0  0  0  0  
0  0  0  0  0  0  0  
0  0  0  0  0  0  0  
2  0  0  0  0  0  0  
2  0  0  0  0  0  1  
2  0  0  0  0  0  1  
-------------------
0  1  2  3  4  5  6  
player2's turn
0  0  0  0  0  0  0  
0  0  0  0  0  0  0  
0  0  0  0  0  0  0  
2  0  0  0  0  0  1  
2  0  0  0  0  0  1  
2  0  0  0  0  0  1  
-------------------
0  1  2  3  4  5  6  
player2's turn
0  0  0  0  0  0  0  
0  0  0  0  0  0  0  
2  0  0  0  0  0  0  
2  0  0  0  0  0  1  
2  0  0  0  0  0  1  
2  0  0  0  0  0  1  
-------------------
0  1  2  3  4  5  6  
player2 wins
####### 16 #######
player2's turn
0  0  0  0  0  0  0  
0  0  0  0  0  0  0  
0  0  0  0  0  0  0  
0  0  0  0  0  0  0  
0  0  0  0  0  0  0  
0  0  0  0  0  0  0  
-------------------
0  1  2  3  4  5  6  
player1's turn
0  0  0  0  0  0  0  
0  0  0  0  0  0  0  
0  0  0  0  0  0  0  
0  0  0  0  0  0  0  
0  0  0  0  0  0  0  
0  0  0  0  0  0  2  
-------------------
0  1  2  3  4  5  6  
player2's turn
0  0  0  0  0  0  0  
0  0  0  0  0  0  0  
0  0  0  0  0  0  0  
0  0  0  0  0  0  0  
0  0  0  0  0  0  0  
0  0  0  0  0  1  2  
-------------------
0  1  2  3  4  5  6  
player1's turn
0  0  0  0  0  0  0  
0  0  0  0  0  0  0  
0  0  0  0  0  0  0  
0  0  0  0  0  0  0  
0  0  0  0  0  0  2  
0  0  0  0  0  1  2  
-------------------
0  1  2  3  4  5  6  
player2's turn
0  0  0  0  0  0  0  
0  0  0  0  0  0  0  
0  0  0  0  0  0  0  
0  0  0  0  0  0  0  
0  0  0  0  0  1  2  
0  0  0  0  0  1  2  
-------------------
0  1  2  3  4  5  6  
player1's turn
0  0  0  0  0  0  0  
0  0  0  0  0  0  0  
0  0  0  0  0  0  0  
0  0  0  0  0  0  2  
0  0  0  0  0  1  2  
0  0  0  0  0  1  2  
-------------------
0  1  2  3  4  5  6  
player2's turn
0  0  0  0  0  0  0  
0  0  0  0  0  0  0  
0  0  0  0  0  0  0  
0  0  0  0  0  1  2  
0  0  0  0  0  1  2  
0  0  0  0  0  1  2  
-------------------
0  1  2  3  4  5  6  
player2's turn
0  0  0  0  0  0  0  
0  0  0  0  0  0  0  
0  0  0  0  0  0  2  
0  0  0  0  0  1  2  
0  0  0  0  0  1  2  
0  0  0  0  0  1  2  
-------------------
0  1  2  3  4  5  6  
player2 wins
####### 17 #######
player2's turn
0  0  0  0  0  0  0  
0  0  0  0  0  0  0  
0  0  0  0  0  0  0  
0  0  0  0  0  0  0  
0  0  0  0  0  0  0  
0  0  0  0  0  0  0  
-------------------
0  1  2  3  4  5  6  
player1's turn
0  0  0  0  0  0  0  
0  0  0  0  0  0  0  
0  0  0  0  0  0  0  
0  0  0  0  0  0  0  
0  0  0  0  0  0  0  
2  0  0  0  0  0  0  
-------------------
0  1  2  3  4  5  6  
player2's turn
0  0  0  0  0  0  0  
0  0  0  0  0  0  0  
0  0  0  0  0  0  0  
0  0  0  0  0  0  0  
0  0  0  0  0  0  0  
2  0  0  0  0  1  0  
-------------------
0  1  2  3  4  5  6  
player1's turn
0  0  0  0  0  0  0  
0  0  0  0  0  0  0  
0  0  0  0  0  0  0  
0  0  0  0  0  0  0  
2  0  0  0  0  0  0  
2  0  0  0  0  1  0  
-------------------
0  1  2  3  4  5  6  
player2's turn
0  0  0  0  0  0  0  
0  0  0  0  0  0  0  
0  0  0  0  0  0  0  
0  0  0  0  0  0  0  
2  0  0  0  0  1  0  
2  0  0  0  0  1  0  
-------------------
0  1  2  3  4  5  6  
player1's turn
0  0  0  0  0  0  0  
0  0  0  0  0  0  0  
0  0  0  0  0  0  0  
2  0  0  0  0  0  0  
2  0  0  0  0  1  0  
2  0  0  0  0  1  0  
-------------------
0  1  2  3  4  5  6  
player2's turn
0  0  0  0  0  0  0  
0  0  0  0  0  0  0  
0  0  0  0  0  0  0  
2  0  0  0  0  1  0  
2  0  0  0  0  1  0  
2  0  0  0  0  1  0  
-------------------
0  1  2  3  4  5  6  
player2's turn
0  0  0  0  0  0  0  
0  0  0  0  0  0  0  
2  0  0  0  0  0  0  
2  0  0  0  0  1  0  
2  0  0  0  0  1  0  
2  0  0  0  0  1  0  
-------------------
0  1  2  3  4  5  6  
player2 wins
####### 18 #######
player2's turn
0  0  0  0  0  0  0  
0  0  0  0  0  0  0  
0  0  0  0  0  0  0  
0  0  0  0  0  0  0  
0  0  0  0  0  0  0  
0  0  0  0  0  0  0  
-------------------
0  1  2  3  4  5  6  
player1's turn
0  0  0  0  0  0  0  
0  0  0  0  0  0  0  
0  0  0  0  0  0  0  
0  0  0  0  0  0  0  
0  0  0  0  0  0  0  
0  0  0  0  2  0  0  
-------------------
0  1  2  3  4  5  6  
player2's turn
0  0  0  0  0  0  0  
0  0  0  0  0  0  0  
0  0  0  0  0  0  0  
0  0  0  0  0  0  0  
0  0  0  0  1  0  0  
0  0  0  0  2  0  0  
-------------------
0  1  2  3  4  5  6  
player1's turn
0  0  0  0  0  0  0  
0  0  0  0  0  0  0  
0  0  0  0  0  0  0  
0  0  0  0  2  0  0  
0  0  0  0  1  0  0  
0  0  0  0  2  0  0  
-------------------
0  1  2  3  4  5  6  
player2's turn
0  0  0  0  0  0  0  
0  0  0  0  0  0  0  
0  0  0  0  1  0  0  
0  0  0  0  2  0  0  
0  0  0  0  1  0  0  
0  0  0  0  2  0  0  
-------------------
0  1  2  3  4  5  6  
player1's turn
0  0  0  0  0  0  0  
0  0  0  0  2  0  0  
0  0  0  0  1  0  0  
0  0  0  0  2  0  0  
0  0  0  0  1  0  0  
0  0  0  0  2  0  0  
-------------------
0  1  2  3  4  5  6  
player2's turn
0  0  0  0  1  0  0  
0  0  0  0  2  0  0  
0  0  0  0  1  0  0  
0  0  0  0  2  0  0  
0  0  0  0  1  0  0  
0  0  0  0  2  0  0  
-------------------
0  1  2  3  4  5  6  
player1 wins
####### 19 #######
player1's turn
0  0  0  0  0  0  0  
0  0  0  0  0  0  0  
0  0  0  0  0  0  0  
0  0  0  0  0  0  0  
0  0  0  0  0  0  0  
0  0  0  0  0  0  0  
-------------------
0  1  2  3  4  5  6  
player2's turn
0  0  0  0  0  0  0  
0  0  0  0  0  0  0  
0  0  0  0  0  0  0  
0  0  0  0  0  0  0  
0  0  0  0  0  0  0  
0  0  0  0  1  0  0  
-------------------
0  1  2  3  4  5  6  
player1's turn
0  0  0  0  0  0  0  
0  0  0  0  0  0  0  
0  0  0  0  0  0  0  
0  0  0  0  0  0  0  
0  0  0  0  0  0  0  
0  0  0  0  1  2  0  
-------------------
0  1  2  3  4  5  6  
player2's turn
0  0  0  0  0  0  0  
0  0  0  0  0  0  0  
0  0  0  0  0  0  0  
0  0  0  0  0  0  0  
0  0  0  0  1  0  0  
0  0  0  0  1  2  0  
-------------------
0  1  2  3  4  5  6  
player1's turn
0  0  0  0  0  0  0  
0  0  0  0  0  0  0  
0  0  0  0  0  0  0  
0  0  0  0  0  0  0  
0  0  0  0  1  2  0  
0  0  0  0  1  2  0  
-------------------
0  1  2  3  4  5  6  
player2's turn
0  0  0  0  0  0  0  
0  0  0  0  0  0  0  
0  0  0  0  0  0  0  
0  0  0  0  1  0  0  
0  0  0  0  1  2  0  
0  0  0  0  1  2  0  
-------------------
0  1  2  3  4  5  6  
player1's turn
0  0  0  0  0  0  0  
0  0  0  0  0  0  0  
0  0  0  0  0  0  0  
0  0  0  0  1  2  0  
0  0  0  0  1  2  0  
0  0  0  0  1  2  0  
-------------------
0  1  2  3  4  5  6  
player1's turn
0  0  0  0  0  0  0  
0  0  0  0  0  0  0  
0  0  0  0  1  0  0  
0  0  0  0  1  2  0  
0  0  0  0  1  2  0  
0  0  0  0  1  2  0  
-------------------
0  1  2  3  4  5  6  
player1 wins
####### 20 #######
player1's turn
0  0  0  0  0  0  0  
0  0  0  0  0  0  0  
0  0  0  0  0  0  0  
0  0  0  0  0  0  0  
0  0  0  0  0  0  0  
0  0  0  0  0  0  0  
-------------------
0  1  2  3  4  5  6  
player2's turn
0  0  0  0  0  0  0  
0  0  0  0  0  0  0  
0  0  0  0  0  0  0  
0  0  0  0  0  0  0  
0  0  0  0  0  0  0  
1  0  0  0  0  0  0  
-------------------
0  1  2  3  4  5  6  
player1's turn
0  0  0  0  0  0  0  
0  0  0  0  0  0  0  
0  0  0  0  0  0  0  
0  0  0  0  0  0  0  
0  0  0  0  0  0  0  
1  0  2  0  0  0  0  
-------------------
0  1  2  3  4  5  6  
player2's turn
0  0  0  0  0  0  0  
0  0  0  0  0  0  0  
0  0  0  0  0  0  0  
0  0  0  0  0  0  0  
1  0  0  0  0  0  0  
1  0  2  0  0  0  0  
-------------------
0  1  2  3  4  5  6  
player1's turn
0  0  0  0  0  0  0  
0  0  0  0  0  0  0  
0  0  0  0  0  0  0  
0  0  0  0  0  0  0  
1  0  2  0  0  0  0  
1  0  2  0  0  0  0  
-------------------
0  1  2  3  4  5  6  
player2's turn
0  0  0  0  0  0  0  
0  0  0  0  0  0  0  
0  0  0  0  0  0  0  
1  0  0  0  0  0  0  
1  0  2  0  0  0  0  
1  0  2  0  0  0  0  
-------------------
0  1  2  3  4  5  6  
player1's turn
0  0  0  0  0  0  0  
0  0  0  0  0  0  0  
0  0  0  0  0  0  0  
1  0  2  0  0  0  0  
1  0  2  0  0  0  0  
1  0  2  0  0  0  0  
-------------------
0  1  2  3  4  5  6  
player1's turn
0  0  0  0  0  0  0  
0  0  0  0  0  0  0  
1  0  0  0  0  0  0  
1  0  2  0  0  0  0  
1  0  2  0  0  0  0  
1  0  2  0  0  0  0  
-------------------
0  1  2  3  4  5  6  
player1 wins
####### 21 #######
player2's turn
0  0  0  0  0  0  0  
0  0  0  0  0  0  0  
0  0  0  0  0  0  0  
0  0  0  0  0  0  0  
0  0  0  0  0  0  0  
0  0  0  0  0  0  0  
-------------------
0  1  2  3  4  5  6  
player1's turn
0  0  0  0  0  0  0  
0  0  0  0  0  0  0  
0  0  0  0  0  0  0  
0  0  0  0  0  0  0  
0  0  0  0  0  0  0  
0  0  0  0  2  0  0  
-------------------
0  1  2  3  4  5  6  
player2's turn
0  0  0  0  0  0  0  
0  0  0  0  0  0  0  
0  0  0  0  0  0  0  
0  0  0  0  0  0  0  
0  0  0  0  0  0  0  
0  0  1  0  2  0  0  
-------------------
0  1  2  3  4  5  6  
player1's turn
0  0  0  0  0  0  0  
0  0  0  0  0  0  0  
0  0  0  0  0  0  0  
0  0  0  0  0  0  0  
0  0  0  0  2  0  0  
0  0  1  0  2  0  0  
-------------------
0  1  2  3  4  5  6  
player2's turn
0  0  0  0  0  0  0  
0  0  0  0  0  0  0  
0  0  0  0  0  0  0  
0  0  0  0  0  0  0  
0  0  1  0  2  0  0  
0  0  1  0  2  0  0  
-------------------
0  1  2  3  4  5  6  
player1's turn
0  0  0  0  0  0  0  
0  0  0  0  0  0  0  
0  0  0  0  0  0  0  
0  0  0  0  2  0  0  
0  0  1  0  2  0  0  
0  0  1  0  2  0  0  
-------------------
0  1  2  3  4  5  6  
player2's turn
0  0  0  0  0  0  0  
0  0  0  0  0  0  0  
0  0  0  0  0  0  0  
0  0  1  0  2  0  0  
0  0  1  0  2  0  0  
0  0  1  0  2  0  0  
-------------------
0  1  2  3  4  5  6  
player2's turn
0  0  0  0  0  0  0  
0  0  0  0  0  0  0  
0  0  0  0  2  0  0  
0  0  1  0  2  0  0  
0  0  1  0  2  0  0  
0  0  1  0  2  0  0  
-------------------
0  1  2  3  4  5  6  
player2 wins
####### 22 #######
player2's turn
0  0  0  0  0  0  0  
0  0  0  0  0  0  0  
0  0  0  0  0  0  0  
0  0  0  0  0  0  0  
0  0  0  0  0  0  0  
0  0  0  0  0  0  0  
-------------------
0  1  2  3  4  5  6  
player1's turn
0  0  0  0  0  0  0  
0  0  0  0  0  0  0  
0  0  0  0  0  0  0  
0  0  0  0  0  0  0  
0  0  0  0  0  0  0  
0  0  0  0  2  0  0  
-------------------
0  1  2  3  4  5  6  
player2's turn
0  0  0  0  0  0  0  
0  0  0  0  0  0  0  
0  0  0  0  0  0  0  
0  0  0  0  0  0  0  
0  0  0  0  0  0  0  
0  0  0  0  2  0  1  
-------------------
0  1  2  3  4  5  6  
player1's turn
0  0  0  0  0  0  0  
0  0  0  0  0  0  0  
0  0  0  0  0  0  0  
0  0  0  0  0  0  0  
0  0  0  0  2  0  0  
0  0  0  0  2  0  1  
-------------------
0  1  2  3  4  5  6  
player2's turn
0  0  0  0  0  0  0  
0  0  0  0  0  0  0  
0  0  0  0  0  0  0  
0  0  0  0  0  0  0  
0  0  0  0  2  0  1  
0  0  0  0  2  0  1  
-------------------
0  1  2  3  4  5  6  
player1's turn
0  0  0  0  0  0  0  
0  0  0  0  0  0  0  
0  0  0  0  0  0  0  
0  0  0  0  2  0  0  
0  0  0  0  2  0  1  
0  0  0  0  2  0  1  
-------------------
0  1  2  3  4  5  6  
player2's turn
0  0  0  0  0  0  0  
0  0  0  0  0  0  0  
0  0  0  0  0  0  0  
0  0  0  0  2  0  1  
0  0  0  0  2  0  1  
0  0  0  0  2  0  1  
-------------------
0  1  2  3  4  5  6  
player2's turn
0  0  0  0  0  0  0  
0  0  0  0  0  0  0  
0  0  0  0  2  0  0  
0  0  0  0  2  0  1  
0  0  0  0  2  0  1  
0  0  0  0  2  0  1  
-------------------
0  1  2  3  4  5  6  
player2 wins
####### 23 #######
player1's turn
0  0  0  0  0  0  0  
0  0  0  0  0  0  0  
0  0  0  0  0  0  0  
0  0  0  0  0  0  0  
0  0  0  0  0  0  0  
0  0  0  0  0  0  0  
-------------------
0  1  2  3  4  5  6  
player2's turn
0  0  0  0  0  0  0  
0  0  0  0  0  0  0  
0  0  0  0  0  0  0  
0  0  0  0  0  0  0  
0  0  0  0  0  0  0  
0  0  0  0  0  1  0  
-------------------
0  1  2  3  4  5  6  
player1's turn
0  0  0  0  0  0  0  
0  0  0  0  0  0  0  
0  0  0  0  0  0  0  
0  0  0  0  0  0  0  
0  0  0  0  0  2  0  
0  0  0  0  0  1  0  
-------------------
0  1  2  3  4  5  6  
player2's turn
0  0  0  0  0  0  0  
0  0  0  0  0  0  0  
0  0  0  0  0  0  0  
0  0  0  0  0  1  0  
0  0  0  0  0  2  0  
0  0  0  0  0  1  0  
-------------------
0  1  2  3  4  5  6  
player1's turn
0  0  0  0  0  0  0  
0  0  0  0  0  0  0  
0  0  0  0  0  2  0  
0  0  0  0  0  1  0  
0  0  0  0  0  2  0  
0  0  0  0  0  1  0  
-------------------
0  1  2  3  4  5  6  
player2's turn
0  0  0  0  0  0  0  
0  0  0  0  0  1  0  
0  0  0  0  0  2  0  
0  0  0  0  0  1  0  
0  0  0  0  0  2  0  
0  0  0  0  0  1  0  
-------------------
0  1  2  3  4  5  6  
player1's turn
0  0  0  0  0  2  0  
0  0  0  0  0  1  0  
0  0  0  0  0  2  0  
0  0  0  0  0  1  0  
0  0  0  0  0  2  0  
0  0  0  0  0  1  0  
-------------------
0  1  2  3  4  5  6  
player2 wins
####### 24 #######
player2's turn
0  0  0  0  0  0  0  
0  0  0  0  0  0  0  
0  0  0  0  0  0  0  
0  0  0  0  0  0  0  
0  0  0  0  0  0  0  
0  0  0  0  0  0  0  
-------------------
0  1  2  3  4  5  6  
player1's turn
0  0  0  0  0  0  0  
0  0  0  0  0  0  0  
0  0  0  0  0  0  0  
0  0  0  0  0  0  0  
0  0  0  0  0  0  0  
2  0  0  0  0  0  0  
-------------------
0  1  2  3  4  5  6  
player2's turn
0  0  0  0  0  0  0  
0  0  0  0  0  0  0  
0  0  0  0  0  0  0  
0  0  0  0  0  0  0  
1  0  0  0  0  0  0  
2  0  0  0  0  0  0  
-------------------
0  1  2  3  4  5  6  
player1's turn
0  0  0  0  0  0  0  
0  0  0  0  0  0  0  
0  0  0  0  0  0  0  
2  0  0  0  0  0  0  
1  0  0  0  0  0  0  
2  0  0  0  0  0  0  
-------------------
0  1  2  3  4  5  6  
player2's turn
0  0  0  0  0  0  0  
0  0  0  0  0  0  0  
1  0  0  0  0  0  0  
2  0  0  0  0  0  0  
1  0  0  0  0  0  0  
2  0  0  0  0  0  0  
-------------------
0  1  2  3  4  5  6  
player1's turn
0  0  0  0  0  0  0  
2  0  0  0  0  0  0  
1  0  0  0  0  0  0  
2  0  0  0  0  0  0  
1  0  0  0  0  0  0  
2  0  0  0  0  0  0  
-------------------
0  1  2  3  4  5  6  
player2's turn
1  0  0  0  0  0  0  
2  0  0  0  0  0  0  
1  0  0  0  0  0  0  
2  0  0  0  0  0  0  
1  0  0  0  0  0  0  
2  0  0  0  0  0  0  
-------------------
0  1  2  3  4  5  6  
player1 wins
####### 25 #######
player2's turn
0  0  0  0  0  0  0  
0  0  0  0  0  0  0  
0  0  0  0  0  0  0  
0  0  0  0  0  0  0  
0  0  0  0  0  0  0  
0  0  0  0  0  0  0  
-------------------
0  1  2  3  4  5  6  
player1's turn
0  0  0  0  0  0  0  
0  0  0  0  0  0  0  
0  0  0  0  0  0  0  
0  0  0  0  0  0  0  
0  0  0  0  0  0  0  
0  0  0  0  0  0  2  
-------------------
0  1  2  3  4  5  6  
player2's turn
0  0  0  0  0  0  0  
0  0  0  0  0  0  0  
0  0  0  0  0  0  0  
0  0  0  0  0  0  0  
0  0  0  0  0  0  0  
0  0  0  0  1  0  2  
-------------------
0  1  2  3  4  5  6  
player1's turn
0  0  0  0  0  0  0  
0  0  0  0  0  0  0  
0  0  0  0  0  0  0  
0  0  0  0  0  0  0  
0  0  0  0  0  0  2  
0  0  0  0  1  0  2  
-------------------
0  1  2  3  4  5  6  
player2's turn
0  0  0  0  0  0  0  
0  0  0  0  0  0  0  
0  0  0  0  0  0  0  
0  0  0  0  0  0  0  
0  0  0  0  1  0  2  
0  0  0  0  1  0  2  
-------------------
0  1  2  3  4  5  6  
player1's turn
0  0  0  0  0  0  0  
0  0  0  0  0  0  0  
0  0  0  0  0  0  0  
0  0  0  0  0  0  2  
0  0  0  0  1  0  2  
0  0  0  0  1  0  2  
-------------------
0  1  2  3  4  5  6  
player2's turn
0  0  0  0  0  0  0  
0  0  0  0  0  0  0  
0  0  0  0  0  0  0  
0  0  0  0  1  0  2  
0  0  0  0  1  0  2  
0  0  0  0  1  0  2  
-------------------
0  1  2  3  4  5  6  
player2's turn
0  0  0  0  0  0  0  
0  0  0  0  0  0  0  
0  0  0  0  0  0  2  
0  0  0  0  1  0  2  
0  0  0  0  1  0  2  
0  0  0  0  1  0  2  
-------------------
0  1  2  3  4  5  6  
player2 wins
####### 26 #######
player1's turn
0  0  0  0  0  0  0  
0  0  0  0  0  0  0  
0  0  0  0  0  0  0  
0  0  0  0  0  0  0  
0  0  0  0  0  0  0  
0  0  0  0  0  0  0  
-------------------
0  1  2  3  4  5  6  
player2's turn
0  0  0  0  0  0  0  
0  0  0  0  0  0  0  
0  0  0  0  0  0  0  
0  0  0  0  0  0  0  
0  0  0  0  0  0  0  
1  0  0  0  0  0  0  
-------------------
0  1  2  3  4  5  6  
player1's turn
0  0  0  0  0  0  0  
0  0  0  0  0  0  0  
0  0  0  0  0  0  0  
0  0  0  0  0  0  0  
0  0  0  0  0  0  0  
1  0  0  0  2  0  0  
-------------------
0  1  2  3  4  5  6  
player2's turn
0  0  0  0  0  0  0  
0  0  0  0  0  0  0  
0  0  0  0  0  0  0  
0  0  0  0  0  0  0  
1  0  0  0  0  0  0  
1  0  0  0  2  0  0  
-------------------
0  1  2  3  4  5  6  
player1's turn
0  0  0  0  0  0  0  
0  0  0  0  0  0  0  
0  0  0  0  0  0  0  
0  0  0  0  0  0  0  
1  0  0  0  2  0  0  
1  0  0  0  2  0  0  
-------------------
0  1  2  3  4  5  6  
player2's turn
0  0  0  0  0  0  0  
0  0  0  0  0  0  0  
0  0  0  0  0  0  0  
1  0  0  0  0  0  0  
1  0  0  0  2  0  0  
1  0  0  0  2  0  0  
-------------------
0  1  2  3  4  5  6  
player1's turn
0  0  0  0  0  0  0  
0  0  0  0  0  0  0  
0  0  0  0  0  0  0  
1  0  0  0  2  0  0  
1  0  0  0  2  0  0  
1  0  0  0  2  0  0  
-------------------
0  1  2  3  4  5  6  
player1's turn
0  0  0  0  0  0  0  
0  0  0  0  0  0  0  
1  0  0  0  0  0  0  
1  0  0  0  2  0  0  
1  0  0  0  2  0  0  
1  0  0  0  2  0  0  
-------------------
0  1  2  3  4  5  6  
player1 wins
####### 27 #######
player1's turn
0  0  0  0  0  0  0  
0  0  0  0  0  0  0  
0  0  0  0  0  0  0  
0  0  0  0  0  0  0  
0  0  0  0  0  0  0  
0  0  0  0  0  0  0  
-------------------
0  1  2  3  4  5  6  
player2's turn
0  0  0  0  0  0  0  
0  0  0  0  0  0  0  
0  0  0  0  0  0  0  
0  0  0  0  0  0  0  
0  0  0  0  0  0  0  
0  0  0  0  0  0  1  
-------------------
0  1  2  3  4  5  6  
player1's turn
0  0  0  0  0  0  0  
0  0  0  0  0  0  0  
0  0  0  0  0  0  0  
0  0  0  0  0  0  0  
0  0  0  0  0  0  0  
2  0  0  0  0  0  1  
-------------------
0  1  2  3  4  5  6  
player2's turn
0  0  0  0  0  0  0  
0  0  0  0  0  0  0  
0  0  0  0  0  0  0  
0  0  0  0  0  0  0  
0  0  0  0  0  0  1  
2  0  0  0  0  0  1  
-------------------
0  1  2  3  4  5  6  
player1's turn
0  0  0  0  0  0  0  
0  0  0  0  0  0  0  
0  0  0  0  0  0  0  
0  0  0  0  0  0  0  
2  0  0  0  0  0  1  
2  0  0  0  0  0  1  
-------------------
0  1  2  3  4  5  6  
player2's turn
0  0  0  0  0  0  0  
0  0  0  0  0  0  0  
0  0  0  0  0  0  0  
0  0  0  0  0  0  0  
2  0  0  0  0  0  1  
2  0  0  0  0  1  1  
-------------------
0  1  2  3  4  5  6  
player1's turn
0  0  0  0  0  0  0  
0  0  0  0  0  0  0  
0  0  0  0  0  0  0  
2  0  0  0  0  0  0  
2  0  0  0  0  0  1  
2  0  0  0  0  1  1  
-------------------
0  1  2  3  4  5  6  
player2's turn
0  0  0  0  0  0  0  
0  0  0  0  0  0  0  
0  0  0  0  0  0  0  
2  0  0  0  0  0  0  
2  0  0  0  0  1  1  
2  0  0  0  0  1  1  
-------------------
0  1  2  3  4  5  6  
player2's turn
0  0  0  0  0  0  0  
0  0  0  0  0  0  0  
2  0  0  0  0  0  0  
2  0  0  0  0  0  0  
2  0  0  0  0  1  1  
2  0  0  0  0  1  1  
-------------------
0  1  2  3  4  5  6  
player2 wins
####### 28 #######
player1's turn
0  0  0  0  0  0  0  
0  0  0  0  0  0  0  
0  0  0  0  0  0  0  
0  0  0  0  0  0  0  
0  0  0  0  0  0  0  
0  0  0  0  0  0  0  
-------------------
0  1  2  3  4  5  6  
player2's turn
0  0  0  0  0  0  0  
0  0  0  0  0  0  0  
0  0  0  0  0  0  0  
0  0  0  0  0  0  0  
0  0  0  0  0  0  0  
0  0  0  0  1  0  0  
-------------------
0  1  2  3  4  5  6  
player1's turn
0  0  0  0  0  0  0  
0  0  0  0  0  0  0  
0  0  0  0  0  0  0  
0  0  0  0  0  0  0  
0  0  0  0  0  0  0  
0  0  2  0  1  0  0  
-------------------
0  1  2  3  4  5  6  
player2's turn
0  0  0  0  0  0  0  
0  0  0  0  0  0  0  
0  0  0  0  0  0  0  
0  0  0  0  0  0  0  
0  0  0  0  1  0  0  
0  0  2  0  1  0  0  
-------------------
0  1  2  3  4  5  6  
player1's turn
0  0  0  0  0  0  0  
0  0  0  0  0  0  0  
0  0  0  0  0  0  0  
0  0  0  0  0  0  0  
0  0  2  0  1  0  0  
0  0  2  0  1  0  0  
-------------------
0  1  2  3  4  5  6  
player2's turn
0  0  0  0  0  0  0  
0  0  0  0  0  0  0  
0  0  0  0  0  0  0  
0  0  0  0  1  0  0  
0  0  2  0  1  0  0  
0  0  2  0  1  0  0  
-------------------
0  1  2  3  4  5  6  
player1's turn
0  0  0  0  0  0  0  
0  0  0  0  0  0  0  
0  0  0  0  0  0  0  
0  0  2  0  1  0  0  
0  0  2  0  1  0  0  
0  0  2  0  1  0  0  
-------------------
0  1  2  3  4  5  6  
player1's turn
0  0  0  0  0  0  0  
0  0  0  0  0  0  0  
0  0  0  0  1  0  0  
0  0  2  0  1  0  0  
0  0  2  0  1  0  0  
0  0  2  0  1  0  0  
-------------------
0  1  2  3  4  5  6  
player1 wins
####### 29 #######
player1's turn
0  0  0  0  0  0  0  
0  0  0  0  0  0  0  
0  0  0  0  0  0  0  
0  0  0  0  0  0  0  
0  0  0  0  0  0  0  
0  0  0  0  0  0  0  
-------------------
0  1  2  3  4  5  6  
player2's turn
0  0  0  0  0  0  0  
0  0  0  0  0  0  0  
0  0  0  0  0  0  0  
0  0  0  0  0  0  0  
0  0  0  0  0  0  0  
0  0  0  0  0  1  0  
-------------------
0  1  2  3  4  5  6  
player1's turn
0  0  0  0  0  0  0  
0  0  0  0  0  0  0  
0  0  0  0  0  0  0  
0  0  0  0  0  0  0  
0  0  0  0  0  0  0  
0  0  0  0  2  1  0  
-------------------
0  1  2  3  4  5  6  
player2's turn
0  0  0  0  0  0  0  
0  0  0  0  0  0  0  
0  0  0  0  0  0  0  
0  0  0  0  0  0  0  
0  0  0  0  0  1  0  
0  0  0  0  2  1  0  
-------------------
0  1  2  3  4  5  6  
player1's turn
0  0  0  0  0  0  0  
0  0  0  0  0  0  0  
0  0  0  0  0  0  0  
0  0  0  0  0  0  0  
0  0  0  0  2  1  0  
0  0  0  0  2  1  0  
-------------------
0  1  2  3  4  5  6  
player2's turn
0  0  0  0  0  0  0  
0  0  0  0  0  0  0  
0  0  0  0  0  0  0  
0  0  0  0  0  1  0  
0  0  0  0  2  1  0  
0  0  0  0  2  1  0  
-------------------
0  1  2  3  4  5  6  
player1's turn
0  0  0  0  0  0  0  
0  0  0  0  0  0  0  
0  0  0  0  0  0  0  
0  0  0  0  2  1  0  
0  0  0  0  2  1  0  
0  0  0  0  2  1  0  
-------------------
0  1  2  3  4  5  6  
player1's turn
0  0  0  0  0  0  0  
0  0  0  0  0  0  0  
0  0  0  0  0  1  0  
0  0  0  0  2  1  0  
0  0  0  0  2  1  0  
0  0  0  0  2  1  0  
-------------------
0  1  2  3  4  5  6  
player1 wins
