generation 35000
####### 0 #######
player1's turn
0  0  0  0  0  0  0  
0  0  0  0  0  0  0  
0  0  0  0  0  0  0  
0  0  0  0  0  0  0  
0  0  0  0  0  0  0  
0  0  0  0  0  0  0  
-------------------
0  1  2  3  4  5  6  
random == False
player2's turn
0  0  0  0  0  0  0  
0  0  0  0  0  0  0  
0  0  0  0  0  0  0  
0  0  0  0  0  0  0  
0  0  0  0  0  0  0  
0  1  0  0  0  0  0  
-------------------
0  1  2  3  4  5  6  
random == True
player1's turn
0  0  0  0  0  0  0  
0  0  0  0  0  0  0  
0  0  0  0  0  0  0  
0  0  0  0  0  0  0  
0  0  0  0  0  0  0  
0  1  0  2  0  0  0  
-------------------
0  1  2  3  4  5  6  
random == False
player2's turn
0  0  0  0  0  0  0  
0  0  0  0  0  0  0  
0  0  0  0  0  0  0  
0  0  0  0  0  0  0  
0  1  0  0  0  0  0  
0  1  0  2  0  0  0  
-------------------
0  1  2  3  4  5  6  
random == False
player1's turn
0  0  0  0  0  0  0  
0  0  0  0  0  0  0  
0  0  0  0  0  0  0  
0  2  0  0  0  0  0  
0  1  0  0  0  0  0  
0  1  0  2  0  0  0  
-------------------
0  1  2  3  4  5  6  
random == False
player2's turn
0  0  0  0  0  0  0  
0  0  0  0  0  0  0  
0  1  0  0  0  0  0  
0  2  0  0  0  0  0  
0  1  0  0  0  0  0  
0  1  0  2  0  0  0  
-------------------
0  1  2  3  4  5  6  
random == False
player1's turn
0  0  0  0  0  0  0  
0  2  0  0  0  0  0  
0  1  0  0  0  0  0  
0  2  0  0  0  0  0  
0  1  0  0  0  0  0  
0  1  0  2  0  0  0  
-------------------
0  1  2  3  4  5  6  
random == False
player2's turn
0  1  0  0  0  0  0  
0  2  0  0  0  0  0  
0  1  0  0  0  0  0  
0  2  0  0  0  0  0  
0  1  0  0  0  0  0  
0  1  0  2  0  0  0  
-------------------
0  1  2  3  4  5  6  
random == False
player1 wins
####### 1 #######
player1's turn
0  0  0  0  0  0  0  
0  0  0  0  0  0  0  
0  0  0  0  0  0  0  
0  0  0  0  0  0  0  
0  0  0  0  0  0  0  
0  0  0  0  0  0  0  
-------------------
0  1  2  3  4  5  6  
random == True
player2's turn
0  0  0  0  0  0  0  
0  0  0  0  0  0  0  
0  0  0  0  0  0  0  
0  0  0  0  0  0  0  
0  0  0  0  0  0  0  
0  1  0  0  0  0  0  
-------------------
0  1  2  3  4  5  6  
random == False
player1's turn
0  0  0  0  0  0  0  
0  0  0  0  0  0  0  
0  0  0  0  0  0  0  
0  0  0  0  0  0  0  
0  0  0  0  0  0  0  
0  1  0  0  0  2  0  
-------------------
0  1  2  3  4  5  6  
random == False
player2's turn
0  0  0  0  0  0  0  
0  0  0  0  0  0  0  
0  0  0  0  0  0  0  
0  0  0  0  0  0  0  
0  0  0  0  0  0  0  
0  1  0  0  1  2  0  
-------------------
0  1  2  3  4  5  6  
random == False
player1's turn
0  0  0  0  0  0  0  
0  0  0  0  0  0  0  
0  0  0  0  0  0  0  
0  0  0  0  0  0  0  
0  0  0  0  0  2  0  
0  1  0  0  1  2  0  
-------------------
0  1  2  3  4  5  6  
random == False
player2's turn
0  0  0  0  0  0  0  
0  0  0  0  0  0  0  
0  0  0  0  0  0  0  
0  0  0  0  0  0  0  
0  0  0  0  1  2  0  
0  1  0  0  1  2  0  
-------------------
0  1  2  3  4  5  6  
random == False
player1's turn
0  0  0  0  0  0  0  
0  0  0  0  0  0  0  
0  0  0  0  0  0  0  
0  0  0  0  0  2  0  
0  0  0  0  1  2  0  
0  1  0  0  1  2  0  
-------------------
0  1  2  3  4  5  6  
random == False
player2's turn
0  0  0  0  0  0  0  
0  0  0  0  0  0  0  
0  0  0  0  0  0  0  
0  0  0  0  1  2  0  
0  0  0  0  1  2  0  
0  1  0  0  1  2  0  
-------------------
0  1  2  3  4  5  6  
random == False
player2's turn
0  0  0  0  0  0  0  
0  0  0  0  0  0  0  
0  0  0  0  0  2  0  
0  0  0  0  1  2  0  
0  0  0  0  1  2  0  
0  1  0  0  1  2  0  
-------------------
0  1  2  3  4  5  6  
player2 wins
####### 2 #######
player1's turn
0  0  0  0  0  0  0  
0  0  0  0  0  0  0  
0  0  0  0  0  0  0  
0  0  0  0  0  0  0  
0  0  0  0  0  0  0  
0  0  0  0  0  0  0  
-------------------
0  1  2  3  4  5  6  
random == False
player2's turn
0  0  0  0  0  0  0  
0  0  0  0  0  0  0  
0  0  0  0  0  0  0  
0  0  0  0  0  0  0  
0  0  0  0  0  0  0  
0  0  0  0  0  1  0  
-------------------
0  1  2  3  4  5  6  
random == False
player1's turn
0  0  0  0  0  0  0  
0  0  0  0  0  0  0  
0  0  0  0  0  0  0  
0  0  0  0  0  0  0  
0  0  0  0  0  2  0  
0  0  0  0  0  1  0  
-------------------
0  1  2  3  4  5  6  
random == False
player2's turn
0  0  0  0  0  0  0  
0  0  0  0  0  0  0  
0  0  0  0  0  0  0  
0  0  0  0  0  1  0  
0  0  0  0  0  2  0  
0  0  0  0  0  1  0  
-------------------
0  1  2  3  4  5  6  
random == False
player1's turn
0  0  0  0  0  0  0  
0  0  0  0  0  0  0  
0  0  0  0  0  2  0  
0  0  0  0  0  1  0  
0  0  0  0  0  2  0  
0  0  0  0  0  1  0  
-------------------
0  1  2  3  4  5  6  
random == False
player2's turn
0  0  0  0  0  0  0  
0  0  0  0  0  1  0  
0  0  0  0  0  2  0  
0  0  0  0  0  1  0  
0  0  0  0  0  2  0  
0  0  0  0  0  1  0  
-------------------
0  1  2  3  4  5  6  
random == False
player1's turn
0  0  0  0  0  2  0  
0  0  0  0  0  1  0  
0  0  0  0  0  2  0  
0  0  0  0  0  1  0  
0  0  0  0  0  2  0  
0  0  0  0  0  1  0  
-------------------
0  1  2  3  4  5  6  
random == False
player2 wins
####### 3 #######
player1's turn
0  0  0  0  0  0  0  
0  0  0  0  0  0  0  
0  0  0  0  0  0  0  
0  0  0  0  0  0  0  
0  0  0  0  0  0  0  
0  0  0  0  0  0  0  
-------------------
0  1  2  3  4  5  6  
random == True
player2's turn
0  0  0  0  0  0  0  
0  0  0  0  0  0  0  
0  0  0  0  0  0  0  
0  0  0  0  0  0  0  
0  0  0  0  0  0  0  
0  0  0  1  0  0  0  
-------------------
0  1  2  3  4  5  6  
random == False
player1's turn
0  0  0  0  0  0  0  
0  0  0  0  0  0  0  
0  0  0  0  0  0  0  
0  0  0  0  0  0  0  
0  0  0  0  0  0  0  
0  0  2  1  0  0  0  
-------------------
0  1  2  3  4  5  6  
random == False
player2's turn
0  0  0  0  0  0  0  
0  0  0  0  0  0  0  
0  0  0  0  0  0  0  
0  0  0  0  0  0  0  
0  0  0  0  0  0  0  
0  0  2  1  0  0  1  
-------------------
0  1  2  3  4  5  6  
random == False
player1's turn
0  0  0  0  0  0  0  
0  0  0  0  0  0  0  
0  0  0  0  0  0  0  
0  0  0  0  0  0  0  
0  0  2  0  0  0  0  
0  0  2  1  0  0  1  
-------------------
0  1  2  3  4  5  6  
random == False
player2's turn
0  0  0  0  0  0  0  
0  0  0  0  0  0  0  
0  0  0  0  0  0  0  
0  0  0  0  0  0  0  
0  0  2  0  0  0  1  
0  0  2  1  0  0  1  
-------------------
0  1  2  3  4  5  6  
random == False
player1's turn
0  0  0  0  0  0  0  
0  0  0  0  0  0  0  
0  0  0  0  0  0  0  
0  0  2  0  0  0  0  
0  0  2  0  0  0  1  
0  0  2  1  0  0  1  
-------------------
0  1  2  3  4  5  6  
random == False
player2's turn
0  0  0  0  0  0  0  
0  0  0  0  0  0  0  
0  0  0  0  0  0  0  
0  0  2  0  0  0  1  
0  0  2  0  0  0  1  
0  0  2  1  0  0  1  
-------------------
0  1  2  3  4  5  6  
random == True
player2's turn
0  0  0  0  0  0  0  
0  0  0  0  0  0  0  
0  0  2  0  0  0  0  
0  0  2  0  0  0  1  
0  0  2  0  0  0  1  
0  0  2  1  0  0  1  
-------------------
0  1  2  3  4  5  6  
player2 wins
####### 4 #######
player1's turn
0  0  0  0  0  0  0  
0  0  0  0  0  0  0  
0  0  0  0  0  0  0  
0  0  0  0  0  0  0  
0  0  0  0  0  0  0  
0  0  0  0  0  0  0  
-------------------
0  1  2  3  4  5  6  
random == False
player2's turn
0  0  0  0  0  0  0  
0  0  0  0  0  0  0  
0  0  0  0  0  0  0  
0  0  0  0  0  0  0  
0  0  0  0  0  0  0  
0  0  0  0  0  1  0  
-------------------
0  1  2  3  4  5  6  
random == False
player1's turn
0  0  0  0  0  0  0  
0  0  0  0  0  0  0  
0  0  0  0  0  0  0  
0  0  0  0  0  0  0  
0  0  0  0  0  0  0  
0  2  0  0  0  1  0  
-------------------
0  1  2  3  4  5  6  
random == False
player2's turn
0  0  0  0  0  0  0  
0  0  0  0  0  0  0  
0  0  0  0  0  0  0  
0  0  0  0  0  0  0  
0  0  0  0  0  1  0  
0  2  0  0  0  1  0  
-------------------
0  1  2  3  4  5  6  
random == False
player1's turn
0  0  0  0  0  0  0  
0  0  0  0  0  0  0  
0  0  0  0  0  0  0  
0  0  0  0  0  0  0  
0  2  0  0  0  1  0  
0  2  0  0  0  1  0  
-------------------
0  1  2  3  4  5  6  
random == False
player2's turn
0  0  0  0  0  0  0  
0  0  0  0  0  0  0  
0  0  0  0  0  0  0  
0  0  0  0  0  1  0  
0  2  0  0  0  1  0  
0  2  0  0  0  1  0  
-------------------
0  1  2  3  4  5  6  
random == False
player1's turn
0  0  0  0  0  0  0  
0  0  0  0  0  0  0  
0  0  0  0  0  0  0  
0  2  0  0  0  1  0  
0  2  0  0  0  1  0  
0  2  0  0  0  1  0  
-------------------
0  1  2  3  4  5  6  
random == False
player1's turn
0  0  0  0  0  0  0  
0  0  0  0  0  0  0  
0  0  0  0  0  1  0  
0  2  0  0  0  1  0  
0  2  0  0  0  1  0  
0  2  0  0  0  1  0  
-------------------
0  1  2  3  4  5  6  
player1 wins
####### 5 #######
player2's turn
0  0  0  0  0  0  0  
0  0  0  0  0  0  0  
0  0  0  0  0  0  0  
0  0  0  0  0  0  0  
0  0  0  0  0  0  0  
0  0  0  0  0  0  0  
-------------------
0  1  2  3  4  5  6  
random == False
player1's turn
0  0  0  0  0  0  0  
0  0  0  0  0  0  0  
0  0  0  0  0  0  0  
0  0  0  0  0  0  0  
0  0  0  0  0  0  0  
0  0  0  2  0  0  0  
-------------------
0  1  2  3  4  5  6  
random == False
player2's turn
0  0  0  0  0  0  0  
0  0  0  0  0  0  0  
0  0  0  0  0  0  0  
0  0  0  0  0  0  0  
0  0  0  0  0  0  0  
0  0  0  2  1  0  0  
-------------------
0  1  2  3  4  5  6  
random == False
player1's turn
0  0  0  0  0  0  0  
0  0  0  0  0  0  0  
0  0  0  0  0  0  0  
0  0  0  0  0  0  0  
0  0  0  2  0  0  0  
0  0  0  2  1  0  0  
-------------------
0  1  2  3  4  5  6  
random == False
player2's turn
0  0  0  0  0  0  0  
0  0  0  0  0  0  0  
0  0  0  0  0  0  0  
0  0  0  0  0  0  0  
0  0  0  2  1  0  0  
0  0  0  2  1  0  0  
-------------------
0  1  2  3  4  5  6  
random == False
player1's turn
0  0  0  0  0  0  0  
0  0  0  0  0  0  0  
0  0  0  0  0  0  0  
0  0  0  2  0  0  0  
0  0  0  2  1  0  0  
0  0  0  2  1  0  0  
-------------------
0  1  2  3  4  5  6  
random == False
player2's turn
0  0  0  0  0  0  0  
0  0  0  0  0  0  0  
0  0  0  0  0  0  0  
0  0  0  2  1  0  0  
0  0  0  2  1  0  0  
0  0  0  2  1  0  0  
-------------------
0  1  2  3  4  5  6  
random == False
player2's turn
0  0  0  0  0  0  0  
0  0  0  0  0  0  0  
0  0  0  2  0  0  0  
0  0  0  2  1  0  0  
0  0  0  2  1  0  0  
0  0  0  2  1  0  0  
-------------------
0  1  2  3  4  5  6  
player2 wins
####### 6 #######
player1's turn
0  0  0  0  0  0  0  
0  0  0  0  0  0  0  
0  0  0  0  0  0  0  
0  0  0  0  0  0  0  
0  0  0  0  0  0  0  
0  0  0  0  0  0  0  
-------------------
0  1  2  3  4  5  6  
random == False
player2's turn
0  0  0  0  0  0  0  
0  0  0  0  0  0  0  
0  0  0  0  0  0  0  
0  0  0  0  0  0  0  
0  0  0  0  0  0  0  
0  0  1  0  0  0  0  
-------------------
0  1  2  3  4  5  6  
random == False
player1's turn
0  0  0  0  0  0  0  
0  0  0  0  0  0  0  
0  0  0  0  0  0  0  
0  0  0  0  0  0  0  
0  0  0  0  0  0  0  
0  0  1  2  0  0  0  
-------------------
0  1  2  3  4  5  6  
random == False
player2's turn
0  0  0  0  0  0  0  
0  0  0  0  0  0  0  
0  0  0  0  0  0  0  
0  0  0  0  0  0  0  
0  0  1  0  0  0  0  
0  0  1  2  0  0  0  
-------------------
0  1  2  3  4  5  6  
random == False
player1's turn
0  0  0  0  0  0  0  
0  0  0  0  0  0  0  
0  0  0  0  0  0  0  
0  0  0  0  0  0  0  
0  0  1  2  0  0  0  
0  0  1  2  0  0  0  
-------------------
0  1  2  3  4  5  6  
random == False
player2's turn
0  0  0  0  0  0  0  
0  0  0  0  0  0  0  
0  0  0  0  0  0  0  
0  0  1  0  0  0  0  
0  0  1  2  0  0  0  
0  0  1  2  0  0  0  
-------------------
0  1  2  3  4  5  6  
random == False
player1's turn
0  0  0  0  0  0  0  
0  0  0  0  0  0  0  
0  0  0  0  0  0  0  
0  0  1  2  0  0  0  
0  0  1  2  0  0  0  
0  0  1  2  0  0  0  
-------------------
0  1  2  3  4  5  6  
random == False
player1's turn
0  0  0  0  0  0  0  
0  0  0  0  0  0  0  
0  0  1  0  0  0  0  
0  0  1  2  0  0  0  
0  0  1  2  0  0  0  
0  0  1  2  0  0  0  
-------------------
0  1  2  3  4  5  6  
player1 wins
####### 7 #######
player2's turn
0  0  0  0  0  0  0  
0  0  0  0  0  0  0  
0  0  0  0  0  0  0  
0  0  0  0  0  0  0  
0  0  0  0  0  0  0  
0  0  0  0  0  0  0  
-------------------
0  1  2  3  4  5  6  
random == False
player1's turn
0  0  0  0  0  0  0  
0  0  0  0  0  0  0  
0  0  0  0  0  0  0  
0  0  0  0  0  0  0  
0  0  0  0  0  0  0  
0  0  2  0  0  0  0  
-------------------
0  1  2  3  4  5  6  
random == False
player2's turn
0  0  0  0  0  0  0  
0  0  0  0  0  0  0  
0  0  0  0  0  0  0  
0  0  0  0  0  0  0  
0  0  0  0  0  0  0  
1  0  2  0  0  0  0  
-------------------
0  1  2  3  4  5  6  
random == False
player1's turn
0  0  0  0  0  0  0  
0  0  0  0  0  0  0  
0  0  0  0  0  0  0  
0  0  0  0  0  0  0  
0  0  2  0  0  0  0  
1  0  2  0  0  0  0  
-------------------
0  1  2  3  4  5  6  
random == False
player2's turn
0  0  0  0  0  0  0  
0  0  0  0  0  0  0  
0  0  0  0  0  0  0  
0  0  0  0  0  0  0  
1  0  2  0  0  0  0  
1  0  2  0  0  0  0  
-------------------
0  1  2  3  4  5  6  
random == False
player1's turn
0  0  0  0  0  0  0  
0  0  0  0  0  0  0  
0  0  0  0  0  0  0  
0  0  2  0  0  0  0  
1  0  2  0  0  0  0  
1  0  2  0  0  0  0  
-------------------
0  1  2  3  4  5  6  
random == False
player2's turn
0  0  0  0  0  0  0  
0  0  0  0  0  0  0  
0  0  0  0  0  0  0  
1  0  2  0  0  0  0  
1  0  2  0  0  0  0  
1  0  2  0  0  0  0  
-------------------
0  1  2  3  4  5  6  
random == False
player2's turn
0  0  0  0  0  0  0  
0  0  0  0  0  0  0  
0  0  2  0  0  0  0  
1  0  2  0  0  0  0  
1  0  2  0  0  0  0  
1  0  2  0  0  0  0  
-------------------
0  1  2  3  4  5  6  
player2 wins
####### 8 #######
player1's turn
0  0  0  0  0  0  0  
0  0  0  0  0  0  0  
0  0  0  0  0  0  0  
0  0  0  0  0  0  0  
0  0  0  0  0  0  0  
0  0  0  0  0  0  0  
-------------------
0  1  2  3  4  5  6  
random == False
player2's turn
0  0  0  0  0  0  0  
0  0  0  0  0  0  0  
0  0  0  0  0  0  0  
0  0  0  0  0  0  0  
0  0  0  0  0  0  0  
0  1  0  0  0  0  0  
-------------------
0  1  2  3  4  5  6  
random == True
player1's turn
0  0  0  0  0  0  0  
0  0  0  0  0  0  0  
0  0  0  0  0  0  0  
0  0  0  0  0  0  0  
0  2  0  0  0  0  0  
0  1  0  0  0  0  0  
-------------------
0  1  2  3  4  5  6  
random == False
player2's turn
0  0  0  0  0  0  0  
0  0  0  0  0  0  0  
0  0  0  0  0  0  0  
0  1  0  0  0  0  0  
0  2  0  0  0  0  0  
0  1  0  0  0  0  0  
-------------------
0  1  2  3  4  5  6  
random == False
player1's turn
0  0  0  0  0  0  0  
0  0  0  0  0  0  0  
0  0  0  0  0  0  0  
0  1  0  0  0  0  0  
0  2  0  0  0  0  0  
0  1  2  0  0  0  0  
-------------------
0  1  2  3  4  5  6  
random == False
player2's turn
0  0  0  0  0  0  0  
0  0  0  0  0  0  0  
0  1  0  0  0  0  0  
0  1  0  0  0  0  0  
0  2  0  0  0  0  0  
0  1  2  0  0  0  0  
-------------------
0  1  2  3  4  5  6  
random == False
player1's turn
0  0  0  0  0  0  0  
0  0  0  0  0  0  0  
0  1  0  0  0  0  0  
0  1  0  0  0  0  0  
0  2  2  0  0  0  0  
0  1  2  0  0  0  0  
-------------------
0  1  2  3  4  5  6  
random == False
player2's turn
0  0  0  0  0  0  0  
0  1  0  0  0  0  0  
0  1  0  0  0  0  0  
0  1  0  0  0  0  0  
0  2  2  0  0  0  0  
0  1  2  0  0  0  0  
-------------------
0  1  2  3  4  5  6  
random == False
player1's turn
0  0  0  0  0  0  0  
0  1  0  0  0  0  0  
0  1  0  0  0  0  0  
0  1  2  0  0  0  0  
0  2  2  0  0  0  0  
0  1  2  0  0  0  0  
-------------------
0  1  2  3  4  5  6  
random == False
player1's turn
0  1  0  0  0  0  0  
0  1  0  0  0  0  0  
0  1  0  0  0  0  0  
0  1  2  0  0  0  0  
0  2  2  0  0  0  0  
0  1  2  0  0  0  0  
-------------------
0  1  2  3  4  5  6  
player1 wins
####### 9 #######
player1's turn
0  0  0  0  0  0  0  
0  0  0  0  0  0  0  
0  0  0  0  0  0  0  
0  0  0  0  0  0  0  
0  0  0  0  0  0  0  
0  0  0  0  0  0  0  
-------------------
0  1  2  3  4  5  6  
random == False
player2's turn
0  0  0  0  0  0  0  
0  0  0  0  0  0  0  
0  0  0  0  0  0  0  
0  0  0  0  0  0  0  
0  0  0  0  0  0  0  
0  1  0  0  0  0  0  
-------------------
0  1  2  3  4  5  6  
random == False
player1's turn
0  0  0  0  0  0  0  
0  0  0  0  0  0  0  
0  0  0  0  0  0  0  
0  0  0  0  0  0  0  
0  2  0  0  0  0  0  
0  1  0  0  0  0  0  
-------------------
0  1  2  3  4  5  6  
random == False
player2's turn
0  0  0  0  0  0  0  
0  0  0  0  0  0  0  
0  0  0  0  0  0  0  
0  1  0  0  0  0  0  
0  2  0  0  0  0  0  
0  1  0  0  0  0  0  
-------------------
0  1  2  3  4  5  6  
random == False
player1's turn
0  0  0  0  0  0  0  
0  0  0  0  0  0  0  
0  2  0  0  0  0  0  
0  1  0  0  0  0  0  
0  2  0  0  0  0  0  
0  1  0  0  0  0  0  
-------------------
0  1  2  3  4  5  6  
random == False
player2's turn
0  0  0  0  0  0  0  
0  1  0  0  0  0  0  
0  2  0  0  0  0  0  
0  1  0  0  0  0  0  
0  2  0  0  0  0  0  
0  1  0  0  0  0  0  
-------------------
0  1  2  3  4  5  6  
random == False
player1's turn
0  2  0  0  0  0  0  
0  1  0  0  0  0  0  
0  2  0  0  0  0  0  
0  1  0  0  0  0  0  
0  2  0  0  0  0  0  
0  1  0  0  0  0  0  
-------------------
0  1  2  3  4  5  6  
random == False
player2 wins
####### 10 #######
player1's turn
0  0  0  0  0  0  0  
0  0  0  0  0  0  0  
0  0  0  0  0  0  0  
0  0  0  0  0  0  0  
0  0  0  0  0  0  0  
0  0  0  0  0  0  0  
-------------------
0  1  2  3  4  5  6  
random == False
player2's turn
0  0  0  0  0  0  0  
0  0  0  0  0  0  0  
0  0  0  0  0  0  0  
0  0  0  0  0  0  0  
0  0  0  0  0  0  0  
0  0  0  1  0  0  0  
-------------------
0  1  2  3  4  5  6  
random == True
player1's turn
0  0  0  0  0  0  0  
0  0  0  0  0  0  0  
0  0  0  0  0  0  0  
0  0  0  0  0  0  0  
0  0  0  0  0  0  0  
0  2  0  1  0  0  0  
-------------------
0  1  2  3  4  5  6  
random == False
player2's turn
0  0  0  0  0  0  0  
0  0  0  0  0  0  0  
0  0  0  0  0  0  0  
0  0  0  0  0  0  0  
0  0  0  1  0  0  0  
0  2  0  1  0  0  0  
-------------------
0  1  2  3  4  5  6  
random == True
player1's turn
0  0  0  0  0  0  0  
0  0  0  0  0  0  0  
0  0  0  0  0  0  0  
0  0  0  0  0  0  0  
0  0  0  1  0  0  0  
0  2  2  1  0  0  0  
-------------------
0  1  2  3  4  5  6  
random == False
player2's turn
0  0  0  0  0  0  0  
0  0  0  0  0  0  0  
0  0  0  0  0  0  0  
0  0  0  1  0  0  0  
0  0  0  1  0  0  0  
0  2  2  1  0  0  0  
-------------------
0  1  2  3  4  5  6  
random == False
player1's turn
0  0  0  0  0  0  0  
0  0  0  0  0  0  0  
0  0  0  0  0  0  0  
0  0  0  1  0  0  0  
0  0  0  1  0  0  0  
0  2  2  1  0  2  0  
-------------------
0  1  2  3  4  5  6  
random == True
player2's turn
0  0  0  0  0  0  0  
0  0  0  0  0  0  0  
0  0  0  0  0  0  0  
0  0  0  1  0  0  0  
0  0  0  1  0  0  0  
0  2  2  1  1  2  0  
-------------------
0  1  2  3  4  5  6  
random == False
player1's turn
0  0  0  0  0  0  0  
0  0  0  0  0  0  0  
0  0  0  0  0  0  0  
0  0  0  1  0  0  0  
0  0  0  1  0  2  0  
0  2  2  1  1  2  0  
-------------------
0  1  2  3  4  5  6  
random == False
player1's turn
0  0  0  0  0  0  0  
0  0  0  0  0  0  0  
0  0  0  1  0  0  0  
0  0  0  1  0  0  0  
0  0  0  1  0  2  0  
0  2  2  1  1  2  0  
-------------------
0  1  2  3  4  5  6  
player1 wins
####### 11 #######
player1's turn
0  0  0  0  0  0  0  
0  0  0  0  0  0  0  
0  0  0  0  0  0  0  
0  0  0  0  0  0  0  
0  0  0  0  0  0  0  
0  0  0  0  0  0  0  
-------------------
0  1  2  3  4  5  6  
random == False
player2's turn
0  0  0  0  0  0  0  
0  0  0  0  0  0  0  
0  0  0  0  0  0  0  
0  0  0  0  0  0  0  
0  0  0  0  0  0  0  
0  1  0  0  0  0  0  
-------------------
0  1  2  3  4  5  6  
random == False
player1's turn
0  0  0  0  0  0  0  
0  0  0  0  0  0  0  
0  0  0  0  0  0  0  
0  0  0  0  0  0  0  
0  0  0  0  0  0  0  
2  1  0  0  0  0  0  
-------------------
0  1  2  3  4  5  6  
random == False
player2's turn
0  0  0  0  0  0  0  
0  0  0  0  0  0  0  
0  0  0  0  0  0  0  
0  0  0  0  0  0  0  
0  1  0  0  0  0  0  
2  1  0  0  0  0  0  
-------------------
0  1  2  3  4  5  6  
random == False
player1's turn
0  0  0  0  0  0  0  
0  0  0  0  0  0  0  
0  0  0  0  0  0  0  
0  0  0  0  0  0  0  
2  1  0  0  0  0  0  
2  1  0  0  0  0  0  
-------------------
0  1  2  3  4  5  6  
random == True
player2's turn
0  0  0  0  0  0  0  
0  0  0  0  0  0  0  
0  0  0  0  0  0  0  
0  0  0  0  0  0  0  
2  1  0  0  0  0  0  
2  1  0  0  0  0  1  
-------------------
0  1  2  3  4  5  6  
random == False
player1's turn
0  0  0  0  0  0  0  
0  0  0  0  0  0  0  
0  0  0  0  0  0  0  
2  0  0  0  0  0  0  
2  1  0  0  0  0  0  
2  1  0  0  0  0  1  
-------------------
0  1  2  3  4  5  6  
random == False
player2's turn
0  0  0  0  0  0  0  
0  0  0  0  0  0  0  
0  0  0  0  0  0  0  
2  1  0  0  0  0  0  
2  1  0  0  0  0  0  
2  1  0  0  0  0  1  
-------------------
0  1  2  3  4  5  6  
random == False
player2's turn
0  0  0  0  0  0  0  
0  0  0  0  0  0  0  
2  0  0  0  0  0  0  
2  1  0  0  0  0  0  
2  1  0  0  0  0  0  
2  1  0  0  0  0  1  
-------------------
0  1  2  3  4  5  6  
player2 wins
####### 12 #######
player2's turn
0  0  0  0  0  0  0  
0  0  0  0  0  0  0  
0  0  0  0  0  0  0  
0  0  0  0  0  0  0  
0  0  0  0  0  0  0  
0  0  0  0  0  0  0  
-------------------
0  1  2  3  4  5  6  
random == False
player1's turn
0  0  0  0  0  0  0  
0  0  0  0  0  0  0  
0  0  0  0  0  0  0  
0  0  0  0  0  0  0  
0  0  0  0  0  0  0  
0  2  0  0  0  0  0  
-------------------
0  1  2  3  4  5  6  
random == True
player2's turn
0  0  0  0  0  0  0  
0  0  0  0  0  0  0  
0  0  0  0  0  0  0  
0  0  0  0  0  0  0  
0  0  0  0  0  0  0  
0  2  0  1  0  0  0  
-------------------
0  1  2  3  4  5  6  
random == False
player1's turn
0  0  0  0  0  0  0  
0  0  0  0  0  0  0  
0  0  0  0  0  0  0  
0  0  0  0  0  0  0  
0  2  0  0  0  0  0  
0  2  0  1  0  0  0  
-------------------
0  1  2  3  4  5  6  
random == False
player2's turn
0  0  0  0  0  0  0  
0  0  0  0  0  0  0  
0  0  0  0  0  0  0  
0  0  0  0  0  0  0  
0  2  0  1  0  0  0  
0  2  0  1  0  0  0  
-------------------
0  1  2  3  4  5  6  
random == False
player1's turn
0  0  0  0  0  0  0  
0  0  0  0  0  0  0  
0  0  0  0  0  0  0  
0  2  0  0  0  0  0  
0  2  0  1  0  0  0  
0  2  0  1  0  0  0  
-------------------
0  1  2  3  4  5  6  
random == False
player2's turn
0  0  0  0  0  0  0  
0  0  0  0  0  0  0  
0  0  0  0  0  0  0  
0  2  0  1  0  0  0  
0  2  0  1  0  0  0  
0  2  0  1  0  0  0  
-------------------
0  1  2  3  4  5  6  
random == True
player1's turn
0  0  0  0  0  0  0  
0  0  0  0  0  0  0  
0  0  0  0  0  0  0  
0  2  0  1  0  0  0  
0  2  0  1  0  0  0  
0  2  0  1  2  0  0  
-------------------
0  1  2  3  4  5  6  
random == False
player1's turn
0  0  0  0  0  0  0  
0  0  0  0  0  0  0  
0  0  0  1  0  0  0  
0  2  0  1  0  0  0  
0  2  0  1  0  0  0  
0  2  0  1  2  0  0  
-------------------
0  1  2  3  4  5  6  
player1 wins
####### 13 #######
player1's turn
0  0  0  0  0  0  0  
0  0  0  0  0  0  0  
0  0  0  0  0  0  0  
0  0  0  0  0  0  0  
0  0  0  0  0  0  0  
0  0  0  0  0  0  0  
-------------------
0  1  2  3  4  5  6  
random == False
player2's turn
0  0  0  0  0  0  0  
0  0  0  0  0  0  0  
0  0  0  0  0  0  0  
0  0  0  0  0  0  0  
0  0  0  0  0  0  0  
0  1  0  0  0  0  0  
-------------------
0  1  2  3  4  5  6  
random == False
player1's turn
0  0  0  0  0  0  0  
0  0  0  0  0  0  0  
0  0  0  0  0  0  0  
0  0  0  0  0  0  0  
0  2  0  0  0  0  0  
0  1  0  0  0  0  0  
-------------------
0  1  2  3  4  5  6  
random == False
player2's turn
0  0  0  0  0  0  0  
0  0  0  0  0  0  0  
0  0  0  0  0  0  0  
0  1  0  0  0  0  0  
0  2  0  0  0  0  0  
0  1  0  0  0  0  0  
-------------------
0  1  2  3  4  5  6  
random == False
player1's turn
0  0  0  0  0  0  0  
0  0  0  0  0  0  0  
0  2  0  0  0  0  0  
0  1  0  0  0  0  0  
0  2  0  0  0  0  0  
0  1  0  0  0  0  0  
-------------------
0  1  2  3  4  5  6  
random == False
player2's turn
0  0  0  0  0  0  0  
0  1  0  0  0  0  0  
0  2  0  0  0  0  0  
0  1  0  0  0  0  0  
0  2  0  0  0  0  0  
0  1  0  0  0  0  0  
-------------------
0  1  2  3  4  5  6  
random == False
player1's turn
0  2  0  0  0  0  0  
0  1  0  0  0  0  0  
0  2  0  0  0  0  0  
0  1  0  0  0  0  0  
0  2  0  0  0  0  0  
0  1  0  0  0  0  0  
-------------------
0  1  2  3  4  5  6  
random == True
player2's turn
0  2  0  0  0  0  0  
0  1  0  0  0  0  0  
0  2  0  0  0  0  0  
0  1  0  0  0  0  0  
0  2  0  0  0  0  0  
0  1  0  0  0  0  1  
-------------------
0  1  2  3  4  5  6  
random == False
player1 wins
####### 14 #######
player2's turn
0  0  0  0  0  0  0  
0  0  0  0  0  0  0  
0  0  0  0  0  0  0  
0  0  0  0  0  0  0  
0  0  0  0  0  0  0  
0  0  0  0  0  0  0  
-------------------
0  1  2  3  4  5  6  
random == False
player1's turn
0  0  0  0  0  0  0  
0  0  0  0  0  0  0  
0  0  0  0  0  0  0  
0  0  0  0  0  0  0  
0  0  0  0  0  0  0  
0  0  2  0  0  0  0  
-------------------
0  1  2  3  4  5  6  
random == False
player2's turn
0  0  0  0  0  0  0  
0  0  0  0  0  0  0  
0  0  0  0  0  0  0  
0  0  0  0  0  0  0  
0  0  1  0  0  0  0  
0  0  2  0  0  0  0  
-------------------
0  1  2  3  4  5  6  
random == False
player1's turn
0  0  0  0  0  0  0  
0  0  0  0  0  0  0  
0  0  0  0  0  0  0  
0  0  2  0  0  0  0  
0  0  1  0  0  0  0  
0  0  2  0  0  0  0  
-------------------
0  1  2  3  4  5  6  
random == False
player2's turn
0  0  0  0  0  0  0  
0  0  0  0  0  0  0  
0  0  1  0  0  0  0  
0  0  2  0  0  0  0  
0  0  1  0  0  0  0  
0  0  2  0  0  0  0  
-------------------
0  1  2  3  4  5  6  
random == False
player1's turn
0  0  0  0  0  0  0  
0  0  2  0  0  0  0  
0  0  1  0  0  0  0  
0  0  2  0  0  0  0  
0  0  1  0  0  0  0  
0  0  2  0  0  0  0  
-------------------
0  1  2  3  4  5  6  
random == False
player2's turn
0  0  1  0  0  0  0  
0  0  2  0  0  0  0  
0  0  1  0  0  0  0  
0  0  2  0  0  0  0  
0  0  1  0  0  0  0  
0  0  2  0  0  0  0  
-------------------
0  1  2  3  4  5  6  
random == False
player1 wins
####### 15 #######
player2's turn
0  0  0  0  0  0  0  
0  0  0  0  0  0  0  
0  0  0  0  0  0  0  
0  0  0  0  0  0  0  
0  0  0  0  0  0  0  
0  0  0  0  0  0  0  
-------------------
0  1  2  3  4  5  6  
random == False
player1's turn
0  0  0  0  0  0  0  
0  0  0  0  0  0  0  
0  0  0  0  0  0  0  
0  0  0  0  0  0  0  
0  0  0  0  0  0  0  
0  0  0  0  2  0  0  
-------------------
0  1  2  3  4  5  6  
random == False
player2's turn
0  0  0  0  0  0  0  
0  0  0  0  0  0  0  
0  0  0  0  0  0  0  
0  0  0  0  0  0  0  
0  0  0  0  0  0  0  
0  1  0  0  2  0  0  
-------------------
0  1  2  3  4  5  6  
random == False
player1's turn
0  0  0  0  0  0  0  
0  0  0  0  0  0  0  
0  0  0  0  0  0  0  
0  0  0  0  0  0  0  
0  0  0  0  2  0  0  
0  1  0  0  2  0  0  
-------------------
0  1  2  3  4  5  6  
random == False
player2's turn
0  0  0  0  0  0  0  
0  0  0  0  0  0  0  
0  0  0  0  0  0  0  
0  0  0  0  0  0  0  
0  1  0  0  2  0  0  
0  1  0  0  2  0  0  
-------------------
0  1  2  3  4  5  6  
random == False
player1's turn
0  0  0  0  0  0  0  
0  0  0  0  0  0  0  
0  0  0  0  0  0  0  
0  0  0  0  2  0  0  
0  1  0  0  2  0  0  
0  1  0  0  2  0  0  
-------------------
0  1  2  3  4  5  6  
random == False
player2's turn
0  0  0  0  0  0  0  
0  0  0  0  0  0  0  
0  0  0  0  0  0  0  
0  1  0  0  2  0  0  
0  1  0  0  2  0  0  
0  1  0  0  2  0  0  
-------------------
0  1  2  3  4  5  6  
random == True
player1's turn
0  0  0  0  0  0  0  
0  0  0  0  0  0  0  
0  0  0  0  0  0  0  
0  1  0  0  2  0  0  
0  1  0  0  2  0  0  
0  1  0  0  2  0  2  
-------------------
0  1  2  3  4  5  6  
random == False
player1's turn
0  0  0  0  0  0  0  
0  0  0  0  0  0  0  
0  1  0  0  0  0  0  
0  1  0  0  2  0  0  
0  1  0  0  2  0  0  
0  1  0  0  2  0  2  
-------------------
0  1  2  3  4  5  6  
player1 wins
####### 16 #######
player1's turn
0  0  0  0  0  0  0  
0  0  0  0  0  0  0  
0  0  0  0  0  0  0  
0  0  0  0  0  0  0  
0  0  0  0  0  0  0  
0  0  0  0  0  0  0  
-------------------
0  1  2  3  4  5  6  
random == False
player2's turn
0  0  0  0  0  0  0  
0  0  0  0  0  0  0  
0  0  0  0  0  0  0  
0  0  0  0  0  0  0  
0  0  0  0  0  0  0  
0  0  1  0  0  0  0  
-------------------
0  1  2  3  4  5  6  
random == False
player1's turn
0  0  0  0  0  0  0  
0  0  0  0  0  0  0  
0  0  0  0  0  0  0  
0  0  0  0  0  0  0  
0  0  0  0  0  0  0  
0  0  1  0  2  0  0  
-------------------
0  1  2  3  4  5  6  
random == False
player2's turn
0  0  0  0  0  0  0  
0  0  0  0  0  0  0  
0  0  0  0  0  0  0  
0  0  0  0  0  0  0  
0  0  1  0  0  0  0  
0  0  1  0  2  0  0  
-------------------
0  1  2  3  4  5  6  
random == False
player1's turn
0  0  0  0  0  0  0  
0  0  0  0  0  0  0  
0  0  0  0  0  0  0  
0  0  0  0  0  0  0  
0  0  1  0  2  0  0  
0  0  1  0  2  0  0  
-------------------
0  1  2  3  4  5  6  
random == False
player2's turn
0  0  0  0  0  0  0  
0  0  0  0  0  0  0  
0  0  0  0  0  0  0  
0  0  1  0  0  0  0  
0  0  1  0  2  0  0  
0  0  1  0  2  0  0  
-------------------
0  1  2  3  4  5  6  
random == False
player1's turn
0  0  0  0  0  0  0  
0  0  0  0  0  0  0  
0  0  0  0  0  0  0  
0  0  1  0  2  0  0  
0  0  1  0  2  0  0  
0  0  1  0  2  0  0  
-------------------
0  1  2  3  4  5  6  
random == False
player1's turn
0  0  0  0  0  0  0  
0  0  0  0  0  0  0  
0  0  1  0  0  0  0  
0  0  1  0  2  0  0  
0  0  1  0  2  0  0  
0  0  1  0  2  0  0  
-------------------
0  1  2  3  4  5  6  
player1 wins
####### 17 #######
player1's turn
0  0  0  0  0  0  0  
0  0  0  0  0  0  0  
0  0  0  0  0  0  0  
0  0  0  0  0  0  0  
0  0  0  0  0  0  0  
0  0  0  0  0  0  0  
-------------------
0  1  2  3  4  5  6  
random == False
player2's turn
0  0  0  0  0  0  0  
0  0  0  0  0  0  0  
0  0  0  0  0  0  0  
0  0  0  0  0  0  0  
0  0  0  0  0  0  0  
0  0  1  0  0  0  0  
-------------------
0  1  2  3  4  5  6  
random == False
player1's turn
0  0  0  0  0  0  0  
0  0  0  0  0  0  0  
0  0  0  0  0  0  0  
0  0  0  0  0  0  0  
0  0  0  0  0  0  0  
0  2  1  0  0  0  0  
-------------------
0  1  2  3  4  5  6  
random == False
player2's turn
0  0  0  0  0  0  0  
0  0  0  0  0  0  0  
0  0  0  0  0  0  0  
0  0  0  0  0  0  0  
0  0  1  0  0  0  0  
0  2  1  0  0  0  0  
-------------------
0  1  2  3  4  5  6  
random == True
player1's turn
0  0  0  0  0  0  0  
0  0  0  0  0  0  0  
0  0  0  0  0  0  0  
0  0  0  0  0  0  0  
0  0  1  0  0  0  0  
2  2  1  0  0  0  0  
-------------------
0  1  2  3  4  5  6  
random == False
player2's turn
0  0  0  0  0  0  0  
0  0  0  0  0  0  0  
0  0  0  0  0  0  0  
0  0  1  0  0  0  0  
0  0  1  0  0  0  0  
2  2  1  0  0  0  0  
-------------------
0  1  2  3  4  5  6  
random == False
player1's turn
0  0  0  0  0  0  0  
0  0  0  0  0  0  0  
0  0  0  0  0  0  0  
0  0  1  0  0  0  0  
0  2  1  0  0  0  0  
2  2  1  0  0  0  0  
-------------------
0  1  2  3  4  5  6  
random == False
player1's turn
0  0  0  0  0  0  0  
0  0  0  0  0  0  0  
0  0  1  0  0  0  0  
0  0  1  0  0  0  0  
0  2  1  0  0  0  0  
2  2  1  0  0  0  0  
-------------------
0  1  2  3  4  5  6  
player1 wins
####### 18 #######
player2's turn
0  0  0  0  0  0  0  
0  0  0  0  0  0  0  
0  0  0  0  0  0  0  
0  0  0  0  0  0  0  
0  0  0  0  0  0  0  
0  0  0  0  0  0  0  
-------------------
0  1  2  3  4  5  6  
random == False
player1's turn
0  0  0  0  0  0  0  
0  0  0  0  0  0  0  
0  0  0  0  0  0  0  
0  0  0  0  0  0  0  
0  0  0  0  0  0  0  
2  0  0  0  0  0  0  
-------------------
0  1  2  3  4  5  6  
random == False
player2's turn
0  0  0  0  0  0  0  
0  0  0  0  0  0  0  
0  0  0  0  0  0  0  
0  0  0  0  0  0  0  
0  0  0  0  0  0  0  
2  1  0  0  0  0  0  
-------------------
0  1  2  3  4  5  6  
random == False
player1's turn
0  0  0  0  0  0  0  
0  0  0  0  0  0  0  
0  0  0  0  0  0  0  
0  0  0  0  0  0  0  
2  0  0  0  0  0  0  
2  1  0  0  0  0  0  
-------------------
0  1  2  3  4  5  6  
random == False
player2's turn
0  0  0  0  0  0  0  
0  0  0  0  0  0  0  
0  0  0  0  0  0  0  
0  0  0  0  0  0  0  
2  1  0  0  0  0  0  
2  1  0  0  0  0  0  
-------------------
0  1  2  3  4  5  6  
random == True
player1's turn
0  0  0  0  0  0  0  
0  0  0  0  0  0  0  
0  0  0  0  0  0  0  
2  0  0  0  0  0  0  
2  1  0  0  0  0  0  
2  1  0  0  0  0  0  
-------------------
0  1  2  3  4  5  6  
random == False
player2's turn
0  0  0  0  0  0  0  
0  0  0  0  0  0  0  
0  0  0  0  0  0  0  
2  1  0  0  0  0  0  
2  1  0  0  0  0  0  
2  1  0  0  0  0  0  
-------------------
0  1  2  3  4  5  6  
random == False
player2's turn
0  0  0  0  0  0  0  
0  0  0  0  0  0  0  
2  0  0  0  0  0  0  
2  1  0  0  0  0  0  
2  1  0  0  0  0  0  
2  1  0  0  0  0  0  
-------------------
0  1  2  3  4  5  6  
player2 wins
####### 19 #######
player1's turn
0  0  0  0  0  0  0  
0  0  0  0  0  0  0  
0  0  0  0  0  0  0  
0  0  0  0  0  0  0  
0  0  0  0  0  0  0  
0  0  0  0  0  0  0  
-------------------
0  1  2  3  4  5  6  
random == False
player2's turn
0  0  0  0  0  0  0  
0  0  0  0  0  0  0  
0  0  0  0  0  0  0  
0  0  0  0  0  0  0  
0  0  0  0  0  0  0  
0  1  0  0  0  0  0  
-------------------
0  1  2  3  4  5  6  
random == False
player1's turn
0  0  0  0  0  0  0  
0  0  0  0  0  0  0  
0  0  0  0  0  0  0  
0  0  0  0  0  0  0  
0  0  0  0  0  0  0  
0  1  0  0  0  0  2  
-------------------
0  1  2  3  4  5  6  
random == False
player2's turn
0  0  0  0  0  0  0  
0  0  0  0  0  0  0  
0  0  0  0  0  0  0  
0  0  0  0  0  0  0  
0  1  0  0  0  0  0  
0  1  0  0  0  0  2  
-------------------
0  1  2  3  4  5  6  
random == False
player1's turn
0  0  0  0  0  0  0  
0  0  0  0  0  0  0  
0  0  0  0  0  0  0  
0  0  0  0  0  0  0  
0  1  0  0  0  0  2  
0  1  0  0  0  0  2  
-------------------
0  1  2  3  4  5  6  
random == False
player2's turn
0  0  0  0  0  0  0  
0  0  0  0  0  0  0  
0  0  0  0  0  0  0  
0  1  0  0  0  0  0  
0  1  0  0  0  0  2  
0  1  0  0  0  0  2  
-------------------
0  1  2  3  4  5  6  
random == False
player1's turn
0  0  0  0  0  0  0  
0  0  0  0  0  0  0  
0  0  0  0  0  0  0  
0  1  0  0  0  0  2  
0  1  0  0  0  0  2  
0  1  0  0  0  0  2  
-------------------
0  1  2  3  4  5  6  
random == False
player1's turn
0  0  0  0  0  0  0  
0  0  0  0  0  0  0  
0  1  0  0  0  0  0  
0  1  0  0  0  0  2  
0  1  0  0  0  0  2  
0  1  0  0  0  0  2  
-------------------
0  1  2  3  4  5  6  
player1 wins
